Source PDF : Situation_Comptable_de_la_BEAC_Mai_2014_bb6bf4e2.pdf
Chemin original : scraping\beac_data\Publications\Situations Comptables\Situation_Comptable_de_la_BEAC_Mai_2014_bb6bf4e2.pdf
Date extraction : 15/06/2026 21:21:59
======================================================================

--- Page 1 ---
06/06/2017 07:38
BANQUE DES ETATS DE L'AFRIQUE CENTRALE
SITUATION COMPTABLE : MAI 2014
ACTIF
N°
POSTES OU LIGNES ZONE SCES CX CAMEROUN RCA CONGO GABON GUINEE EQUAT. TCHAD
LIGNES
10 DISPONIBILITES EXTERIEURES 7 891 911 636 578 233 635 189 282 1 520 360 305 665 107 190 443 355 2 475 738 108 212 1 338 181 821 669 1 812 139 140 001 404 666 628 394
15 Avoirs Extérieurs à vue 3 663 072 541 008 233 635 189 282 682 067 788 968 48 765 026 309 1 104 222 076 285 595 805 363 628 814 959 538 271 183 617 558 264
20 Billets Etrangers 42 125 965 270 -9 503 147 679 11 532 284 889 2 031 558 350 7 170 420 085 6 757 534 311 17 333 037 275 6 804 278 039
30 Correspondants Hors Zone d'Emission -157 489 701 114 -157 489 701 114 0 0 0 0 0 0
40 Trésor Français 3 778 436 276 852 400 628 038 075 670 535 504 079 46 733 467 959 1 097 051 656 200 589 047 829 317 797 626 500 996 176 813 280 225
50 Compte d'Opérations 3 712 191 670 773 400 628 038 075 657 385 154 151 45 816 944 594 1 075 536 593 864 577 495 592 288 781 983 678 899 173 345 668 902
60 Compte Spécial de Nivellement 66 244 606 079 0 13 150 349 928 916 523 366 21 515 062 335 11 552 237 030 15 642 822 097 3 467 611 324
70 Autres avoirs extérieurs (SDM) 4 228 839 095 570 0 838 292 516 697 58 425 417 046 1 371 516 031 928 742 376 458 041 997 179 601 730 221 049 070 130
80 Comptes Courants Chez Correspondants Etrangers 4 228 839 095 570 0 838 292 516 697 58 425 417 046 1 371 516 031 928 742 376 458 041 997 179 601 730 221 049 070 130
90 Opérations sur le Marché Financier 0 0 0 0 0 0 0 0
100 ENCAISSE–OR 107 321 718 407 61 498 681 728 18 020 178 297 6 693 363 107 6 693 467 181 7 722 829 823 0 6 693 198 271
110 FONDS MONETAIRE INTERNATIONAL 278 313 157 023 1 620 144 377 42 499 505 427 10 160 965 162 65 865 202 744 123 459 810 759 24 306 064 415 10 401 464 139
120 Quotes-Parts en Devises 97 106 914 044 0 31 243 154 210 8 355 107 857 13 711 525 014 24 838 582 374 8 596 173 453 10 362 371 136
130 Avoirs en D.T.S. 181 206 242 979 1 620 144 377 11 256 351 217 1 805 857 305 52 153 677 730 98 621 228 385 15 709 890 962 39 093 003
140 CREANCES SUR LES BANQUES 33 318 225 694 0 5 323 000 000 0 7 995 225 694 0 0 20 000 000 000
150 Concours du Marché Monetaire : Guichet A 25 323 000 000 0 5 323 000 000 0 0 0 0 20 000 000 000
160 Appels d'Offres 25 320 000 000 0 5 320 000 000 0 0 0 0 20 000 000 000
170 Pensions et Autres 3 000 000 0 3 000 000 0 0 0 0 0
180 Avances à Moyen Terme Irrévocables : Guichet B 7 995 225 694 0 0 0 7 995 225 694 0 0 0
190 Créances Impayées 0 0 0 0 0 0 0 0
200 CREANCES SUR LES TRESORS NATIONAUX 559 116 852 212 0 406 843 247 74 641 807 410 406 843 247 257 906 843 247 406 843 245 225 347 671 816
210 Avances en Comptes Courants (Art. 18) 469 453 644 118 0 0 21 671 197 455 0 257 500 000 000 0 190 282 446 663
220 Avances Exceptionnelles 6 121 259 561 0 406 843 247 4 087 043 328 406 843 247 406 843 247 406 843 245 406 843 247
230 Crédits à l'Economie Consolidés sur l'Etat 83 541 948 533 0 0 48 883 566 627 0 0 0 34 658 381 906
163 961 597 802
239 CONTREPARTIE DES ALLOCATIONS DE DTS VERSEES AUX ETATS 102 229 984 397 30 902 969 636 0 0 0 30 828 643 769
240 VALEURS IMMOBILISEES 252 520 254 892 223 203 804 208 7 364 787 016 2 186 018 509 4 951 776 409 5 492 889 352 5 196 973 949 4 124 005 449
250 Immobilisations Financières 57 471 480 787 38 769 513 227 6 169 862 833 1 477 316 918 3 490 134 499 2 278 935 938 2 330 014 415 2 955 702 957
260 Créances sur le Personnel 30 956 618 802 12 324 315 730 6 138 859 636 1 472 280 743 3 480 080 153 2 278 723 738 2 330 014 415 2 932 344 387
270 Créances sur les Autres Banques Centrales 0 0 0 0 0 0 0 0
280 Titres de Participations 24 141 810 673 24 141 810 673 0 0 0 0 0 0
290 Autres Immobilisations Financières 2 373 051 312 2 303 386 824 31 003 197 5 036 175 10 054 346 212 200 0 23 358 570
300 Immobilisations Incorporelles 10 753 991 972 10 752 588 172 0 958 800 0 0 445 000 0
310 Immobilisations Corporelles 181 375 878 800 170 762 799 476 1 194 924 183 707 742 791 1 461 641 910 3 213 953 414 2 866 514 534 1 168 302 492
320 Autres immobilisations 2 918 903 333 2 918 903 333 0 0 0 0 0 0
330 AUTRES ACTIFS 38 928 495 971 38 928 495 971 0 0 0 0 0 0
340 DEBITEURS DIVERS 20 362 012 855 1 818 597 406 5 751 655 622 2 686 379 091 2 282 929 388 5 303 052 797 95 490 841 2 423 907 710
350 Avances Diverses au Personnel 3 519 191 510 2 658 091 176 231 307 153 157 661 005 108 648 879 175 794 329 55 679 754 132 009 214
360 Autres Débiteurs Divers 182 386 316 -1 033 124 271 11 827 0 14 770 286 1 160 917 387 39 811 087 0
370 Comptes de Régularisations - Actif 16 660 435 029 193 630 501 5 520 336 642 2 528 718 086 2 159 510 223 3 966 341 081 0 2 291 898 496
380 TOTAL DE L'ACTIF 9 345 753 951 434 560 704 912 972 1 701 956 259 671 234 461 946 270 2 563 933 552 875 1 738 067 247 647 1 842 144 512 451 704 485 519 548
TOTAL ACTIF ANNEE PRECEDENTE 9 902 691 263 434 571 274 286 069 1 864 188 319 402 203 870 878 786 2 650 067 440 051 1 448 084 973 722 2 505 057 241 523 660 148 123 881