Source PDF : Situation_Comptable_de_la_BEAC_Juillet_2015_5be687fb.pdf
Chemin original : scraping\beac_data\Publications\Situations Comptables\Situation_Comptable_de_la_BEAC_Juillet_2015_5be687fb.pdf
Date extraction : 15/06/2026 21:21:19
======================================================================

--- Page 1 ---
06/06/2017 07:52
BANQUE DES ETATS DE L'AFRIQUE CENTRALE
SITUATION COMPTABLE : JUILLET 2015
ACTIF
N°
POSTES OU LIGNES ZONE SCES CX CAMEROUN RCA CONGO GABON GUINEE EQUAT. TCHAD
LIGNES
10 DISPONIBILITES EXTERIEURES 6 527 336 735 678 282 301 204 474 1 557 844 787 360 114 922 905 335 1 846 121 778 666 1 213 733 448 040 1 137 480 625 574 374 931 986 229
15 Avoirs Extérieurs à vue 2 990 564 857 566 282 301 204 474 678 771 381 504 61 065 351 677 783 072 899 974 508 833 581 465 503 222 067 000 173 298 371 472
20 Billets Etrangers 146 061 525 494 13 567 575 128 36 116 310 219 21 692 268 890 5 920 789 166 3 331 159 403 39 541 245 286 25 892 177 402
30 Correspondants Hors Zone d'Emission -42 077 994 027 -42 077 994 027 0 0 0 0 0 0
40 Trésor Français 2 886 581 326 099 310 811 623 373 642 655 071 285 39 373 082 787 777 152 110 808 505 502 422 062 463 680 821 714 147 406 194 070
50 Compte d'Opérations 2 886 581 326 098 310 811 623 373 642 655 071 285 39 373 082 787 777 152 110 807 505 502 422 062 463 680 821 713 147 406 194 070
60 Compte Spécial de Nivellement 1 0 0 0 0 0 0 0
70 Autres avoirs extérieurs (SDM) 3 536 771 878 112 0 879 073 405 856 53 857 553 658 1 063 048 878 692 704 899 866 575 634 258 558 574 201 633 614 757
80 Comptes Courants Chez Correspondants Etrangers 3 536 771 878 112 0 879 073 405 856 53 857 553 658 1 063 048 878 692 704 899 866 575 634 258 558 574 201 633 614 757
90 Opérations sur le Marché Financier 0 0 0 0 0 0 0 0
100 ENCAISSE–OR 132 186 378 825 82 308 873 477 19 614 621 912 7 285 598 650 7 285 711 934 8 406 153 624 0 7 285 419 228
110 FONDS MONETAIRE INTERNATIONAL 309 764 663 088 71 593 239 47 550 517 581 9 719 976 489 74 742 751 228 138 682 203 473 27 301 837 045 11 695 784 033
120 Quotes-Parts en Devises 109 081 680 661 0 35 095 912 623 9 385 420 350 15 402 365 606 27 901 559 196 9 656 213 018 11 640 209 868
130 Avoirs en D.T.S. 200 682 982 427 71 593 239 12 454 604 958 334 556 139 59 340 385 622 110 780 644 277 17 645 624 027 55 574 165
140 CREANCES SUR LES BANQUES 288 836 655 408 0 52 343 000 000 3 000 000 000 38 659 655 408 11 564 000 000 120 000 000 000 63 270 000 000
150 Concours du Marché Monetaire : Guichet A 250 177 000 000 0 52 343 000 000 3 000 000 000 0 11 564 000 000 120 000 000 000 63 270 000 000
160 Appels d'Offres 250 177 000 000 0 52 343 000 000 3 000 000 000 0 11 564 000 000 120 000 000 000 63 270 000 000
170 Pensions et Autres 0 0 0 0 0 0 0 0
180 Avances à Moyen Terme Irrévocables : Guichet B 38 659 655 408 0 0 0 38 659 655 408 0 0 0
190 Créances Impayées 0 0 0 0 0 0 0 0
200 CREANCES SUR LES TRESORS NATIONAUX 1 543 627 659 358 0 60 321 219 442 75 469 688 400 443 321 219 442 318 821 219 442 417 864 960 265 227 829 352 367
210 Avances en Comptes Courants (Art. 18) 1 454 200 255 005 0 60 000 000 000 22 306 763 163 443 000 000 000 318 500 000 000 417 543 740 823 192 849 751 019
220 Avances Exceptionnelles 5 560 287 971 0 321 219 442 3 954 190 761 321 219 442 321 219 442 321 219 442 321 219 442
230 Crédits à l'Economie Consolidés sur l'Etat 83 867 116 382 0 0 49 208 734 476 0 0 0 34 658 381 906
185 885 666 151
239 CONTREPARTIE DES ALLOCATIONS DE DTS VERSEES AUX ETATS 114 836 503 887 36 418 875 554 0 0 0 34 630 286 710
240 VALEURS IMMOBILISEES 259 283 677 461 227 943 740 429 7 470 419 831 2 664 683 861 5 052 307 339 5 275 650 692 6 304 158 380 4 572 716 929
250 Immobilisations Financières 58 877 101 001 37 942 939 675 6 408 115 468 2 052 535 545 3 823 862 097 2 472 822 303 2 714 678 611 3 462 147 302
260 Créances sur le Personnel 34 188 899 402 13 323 910 164 6 377 024 671 2 048 079 370 3 813 807 751 2 472 610 103 2 714 678 611 3 438 788 732
270 Créances sur les Autres Banques Centrales 0 0 0 0 0 0 0 0
280 Titres de Participations 24 141 810 673 24 141 810 673 0 0 0 0 0 0
290 Autres Immobilisations Financières 546 390 926 477 218 838 31 090 797 4 456 175 10 054 346 212 200 0 23 358 570
300 Immobilisations Incorporelles 12 430 076 235 12 428 847 535 0 959 600 -606 900 876 000 0 0
310 Immobilisations Corporelles 183 321 357 838 172 920 024 832 1 062 304 363 607 974 716 1 229 052 142 2 801 952 389 3 589 479 769 1 110 569 627
320 Autres immobilisations 4 655 142 387 4 651 928 387 0 3 214 000 0 0 0 0
330 AUTRES ACTIFS 33 164 832 917 33 164 832 917 0 0 0 0 0 0
340 DEBITEURS DIVERS 26 957 434 053 1 929 442 276 7 966 505 849 3 455 397 683 3 097 367 261 6 647 139 410 419 471 139 3 442 110 435
350 Avances Diverses au Personnel 3 721 405 227 2 911 663 340 245 335 056 40 605 929 123 592 540 185 500 119 42 336 085 172 372 158
360 Autres Débiteurs Divers 202 717 077 -1 147 222 751 -7 810 586 0 8 566 868 1 349 087 232 96 314 0
370 Comptes de Régularisations - Actif 23 033 311 749 165 001 687 7 728 981 379 3 414 791 754 2 965 207 853 5 112 552 059 377 038 740 3 269 738 277
380 TOTAL DE L'ACTIF 9 307 043 702 939 627 719 686 812 1 867 947 575 862 252 937 125 972 2 418 280 791 278 1 703 129 814 681 1 709 371 052 403 727 657 655 931
TOTAL ACTIF ANNEE PRECEDENTE 9 583 406 770 335 589 789 441 586 1 684 000 458 377 244 068 527 214 2 738 255 602 088 1 638 317 113 020 1 919 528 124 148 769 447 503 902