Source PDF : Situation_comptable_de_la_BEAC_au_31_décembre_2009_90259c34.pdf
Chemin original : scraping\beac_data\Publications\Situations Comptables\Situation_comptable_de_la_BEAC_au_31_décembre_2009_90259c34.pdf
Date extraction : 15/06/2026 21:22:52
======================================================================

--- Page 1 ---
17/06/2010 12:23
BANQUE DES ETATS DE L'AFRIQUE CENTRALE
SITUATION COMPTABLE : DECEMBRE 2009
ACTIF
N°
POSTES OU LIGNES ZONE SCES CX CAMEROUN RCA CONGO GABON GUINEE EQUAT. TCHAD
LIGNES
10 DISPONIBILITES EXTERIEURES 6 179 482 205 059 287 494 547 381 1 562 141 753 917 93 773 095 324 1 682 701 780 016 812 430 445 839 1 462 266 247 903 278 674 334 679
15 Avoirs Extérieurs à vue 5 490 529 050 205 287 494 547 381 1 371 204 110 979 78 121 508 445 1 486 265 378 599 711 430 685 975 1 313 937 380 326 242 075 438 499
20 Billets Etrangers 13 928 900 194 127 325 853 2 341 773 043 54 569 072 447 821 811 1 878 076 915 8 186 287 402 893 046 098
30 Correspondants Hors Zone d'Emission -6 568 927 283 -6 568 927 283 0 0 0 0 0 0
40 Trésor Français 5 483 169 077 294 293 936 148 811 1 368 862 337 936 78 066 939 373 1 485 817 556 788 709 552 609 060 1 305 751 092 924 241 182 392 401
50 Compte d'Opérations 3 391 059 821 494 293 936 148 811 815 156 636 752 46 488 811 897 884 803 393 923 422 538 119 700 784 512 751 752 143 623 958 659
60 Compte Spécial de Nivellement 2 092 109 255 800 0 553 705 701 184 31 578 127 476 601 014 162 866 287 014 489 360 521 238 341 172 97 558 433 742
70 Autres avopirs extérieurs (SDM) p 688 953 154 854 0 190 937 642 938 15 651 586 879 196 436 401 417 100 999 759 864 148 328 867 577 36 598 896 180
80 Etrangers 598 738 656 295 0 157 568 108 752 8 986 192 148 171 030 684 303 85 062 586 395 148 328 867 577 27 762 217 121
90 Opérations sur le Marché Financier 90 214 498 559 0 33 369 534 186 6 665 394 730 25 405 717 114 15 937 173 469 0 8 836 679 059
100 ENCAISSE–OR 0 0 0 0 0 0 0 0
110 FONDS MONETAIRE INTERNATIONAL 426 057 236 953 59 918 353 479 141 004 251 348 10 000 470 566 63 192 360 056 118 672 477 882 23 266 167 643 10 003 155 979
120 Quotes-Parts en Devises 87 936 579 746 0 30 034 236 276 8 030 544 459 13 180 800 305 23 870 347 262 4 750 846 546 8 069 804 898
130 Avoirs en D.T.S. 338 120 657 207 59 918 353 479 110 970 015 072 1 969 926 107 50 011 559 751 94 802 130 620 18 515 321 097 1 933 351 081
140 CREANCES SUR LES BANQUES 13 030 000 000 0 684 000 000 0 7 346 000 000 0 0 5 000 000 000
150 Concours du Marché Monetaire : Guichet A 5 333 000 000 0 333 000 000 0 0 0 0 5 000 000 000
160 Appels d'Offres 5 333 000 000 0 333 000 000 0 0 0 0 5 000 000 000
170 Pensions et Autres 0 0 0 0 0 0 0 0
180 Avances à Moyen Terme Irrévocables : Guichet B 7 697 000 000 0 351 000 000 0 7 346 000 000 0 0 0
190 Créances Impayées 0 0 0 0 0 0 0 0
200 CREANCES SUR LES TRESORS NATIONAUX 371 325 647 995 0 297 646 971 64 844 713 194 42 000 000 000 90 181 362 745 0 174 001 925 085
210 Avances en Comptes Courants (Art. 18) 292 156 369 863 0 0 18 489 000 000 42 000 000 000 90 000 000 000 0 141 667 369 863
220 Avances Exceptionnelles 3 000 000 000 0 0 3 000 000 000 0 0 0 0
230 Crédits à l'Economie Consolidés sur l'Etat 76 169 278 132 0 297 646 971 43 355 713 194 0 181 362 745 0 32 334 555 222
CONTREPARTIE DES ALLOCATIONS DE DTS
239 VERSEES AUX ETATS 59 107 880 236 0 29 474 565 146 0 0 0 29 633 315 090
240 VALEURS IMMOBILISEES 221 518 783 384 195 890 608 175 7 162 987 247 2 605 050 482 5 435 583 703 5 826 001 118 2 074 348 120 2 524 204 539
250 Immobilisations Financières 21 661 951 547 16 708 274 224 1 816 603 858 540 907 717 1 138 316 928 453 289 661 581 512 913 423 046 246
260 Créances sur le Personnel 12 004 019 493 7 050 744 675 1 816 201 353 540 907 717 1 138 316 928 453 289 661 581 512 913 423 046 246
270 Créances sur les Autres Banques Centrales 5 578 835 383 5 578 835 383 0 0 0 0 0 0
280 Titres de Participations 4 078 694 166 4 078 694 166 0 0 0 0 0 0
290 Autres Immobilisations Financières 402 505 0 402 505 0 0 0 0 0
300 Immobilisations Incorporelles 21 140 552 383 21 140 552 383 0 0 0 0 0 0
310 Immobilisations Corporelles 130 422 225 431 109 747 727 545 5 346 383 389 2 064 142 765 4 297 266 775 5 372 711 457 1 492 835 207 2 101 158 293
320 Autres Valeurs Immobilisées 48 294 054 023 48 294 054 023 0 0 0 0 0 0
330 DEBITEURS DIVERS 31 176 493 851 9 935 021 333 4 660 643 716 2 412 167 412 4 825 324 181 6 032 305 951 1 091 792 239 2 219 239 019
340 Avances Diverses au Personnel 2 287 721 943 1 666 839 033 150 915 721 62 654 004 55 821 157 167 261 568 78 758 954 105 471 506
350 Autres Débiteurs Divers 10 777 708 043 8 106 190 507 56 622 875 6 593 169 406 858 131 2 022 666 617 150 573 385 28 203 359
360 Comptes de Régularisations - Actif 18 111 063 865 161 991 793 4 453 105 120 2 342 920 239 4 362 644 893 3 842 377 766 862 459 900 2 085 564 154
370 TOTAL DE L'ACTIF 7 301 698 247 478 553 238 530 368 1 715 951 283 199 203 110 062 124 1 805 501 047 956 1 033 142 593 535 1 488 698 555 905 502 056 174 391
TOTAL ACTIF ANNEE PRECEDENTE 7 877 942 662 330 646 795 931 004 1 500 239 228 963 131 341 242 027 1 852 468 984 475 943 124 118 488 2 095 310 038 507 708 663 118 866
Contrôle ‐ Egalité Actif et Passif 0 0 0 0 0 0 0 0

--- Page 2 ---
17/06/2010 12:26
BANQUE DES ETATS DE L'AFRIQUE CENTRALE
SITUATION COMPTABLE : DECEMBRE 2009
PASSIF
N° LIGNE POSTES OU LIGNES ZONE SCES CX CAMEROUN RCA CONGO GABON GUINEE EQUAT. TCHAD
10 BILLETS ET PIECES EN CIRCULATION 1 897 290 661 353 582 134 052 444 86 425 092 144 434 646 470 959 340 442 221 705 143 646 555 437 309 996 268 664
20 TRESORS ET COMPTABLES PUBLICS NATIONAUX 2 757 479 198 242 45 464 898 449 151 981 255 23 606 517 505 986 809 257 205 242 967 649 288 980 405 194 319 74 493 133 772
30 Comptes courants 614 545 226 793 0 249 908 926 827 21 270 260 014 181 804 537 381 55 325 021 099 40 589 905 822 65 646 575 650
40 Fonds de Stabilisation des Recettes Budgétaires 1 452 874 294 038 0 0 0 784 896 114 878 0 667 978 179 160 0
50 Fonds de Réserves Pour Générations Futures 222 685 057 351 0 0 0 0 183 877 690 827 38 807 366 524 0
60 Dépôts spéciaux 467 374 620 060 45 464 898 199 243 054 428 2 336 257 491 20 108 604 946 3 764 937 362 233 029 742 813 8 846 558 122
70 BANQUES ET INSTITUTIONS FINANCIERES 1 778 417 173 283 0 665 996 079 869 28 266 860 295 305 412 337 742 350 295 938 372 360 782 329 760 67 663 627 245
80 Banques et Institutions Etrangères 92 024 112 165 0 31 618 615 078 8 742 128 334 13 702 557 640 23 735 976 207 3 855 164 377 10 369 670 529
90 Banques et Institutions Financières de la Zone 1 686 393 061 118 0 634 377 464 791 19 524 731 961 291 709 780 102 326 559 962 165 356 927 165 383 57 293 956 716
100 Comptes courants 504 694 761 254 0 259 785 464 791 16 024 731 961 60 380 480 238 101 319 962 165 31 963 165 383 35 220 956 716
110 Dépôts et placements sur marché monétaire 639 054 299 864 0 177 500 000 000 3 500 000 000 138 054 299 864 120 000 000 000 200 000 000 000 0
120 Comptes de Réserves Obligatoires 542 644 000 000 0 197 092 000 000 0 93 275 000 000 105 240 000 000 124 964 000 000 22 073 000 000
130 Autres Comptes des Etablissements de Crédit 0 0 0 0 0 0 0 0
140 AUTRES COMPTES COURANTS 40 184 525 054 13 460 972 499 3 426 626 113 666 031 212 11 499 440 361 6 295 606 414 3 677 214 152 1 158 634 303
150 FMI : ALLOCATION DES D.T.S. 386 861 804 100 0 126 537 725 184 38 096 232 629 56 883 844 864 104 732 160 105 22 335 932 217 38 275 909 101
160 EMPRUNTS ET DETTES A LONG ET MOYEN TERME 9 466 589 048 9 466 589 048 0 0 0 0 0 0
170 AUTRES PASSIFS 111 507 642 111 507 642 0 0 0 0 0 0
180 PROVISIONS 17 982 765 086 17 982 765 086 0 0 0 0 0 0
190 REPORT A NOUVEAU 0 0 0 0 0 0 0 0
200 RESERVES 297 552 374 826 385 119 927 987 -112 468 246 972 23 897 716 245 -2 307 550 546 -4 150 364 654 -1 911 356 753 9 372 249 519
210 CAPITAL ET PRIME D'AUGMENTATION 91 507 313 350 91 507 313 350 0 0 0 0 0 0
220 CREDITEURS DIVERS 19 918 548 631 10 681 614 413 5 384 458 690 75 134 646 2 149 516 227 321 155 706 351 982 120 954 686 829
230 TRANSFERTS NON DENOUES 8 137 608 829 12 967 392 1 559 036 293 2 504 870 6 257 901 593 26 327 556 228 259 569 50 611 556
240 COMPTES DE REGULARISATIONS - PASSIF 26 362 480 668 341 178 786 7 889 858 810 0 17 752 976 680 176 911 304 138 105 088 63 450 000
250 COMPTE DE RESULTAT -29 574 302 634 24 508 229 267 -13 660 288 487 2 073 972 578 -13 603 147 129 -7 965 012 261 -20 955 660 004 27 603 402
260 TOTAL DU PASSIF 7 301 698 247 478 553 238 530 368 1 715 951 283 199 203 110 062 124 1 805 501 047 9561 033 142 593 535 1 488 698 555 905 502 056 174 391
TOTAL PASSIF ANNEE PRECEDENTE 7 877 942 662 330 646 795 931 004 1 500 239 228 963 131 341 242 027 1 852 468 984 475 943 124 118 488 2 095 310 038 507 708 663 118 866