Source PDF : Situation_Comptable_de_la_BEAC_Septembre_2015_62f65957.pdf
Chemin original : scraping\beac_data\Publications\Situations Comptables\Situation_Comptable_de_la_BEAC_Septembre_2015_62f65957.pdf
Date extraction : 15/06/2026 21:21:14
======================================================================

--- Page 1 ---
06/06/2017 07:53
BANQUE DES ETATS DE L'AFRIQUE CENTRALE
SITUATION COMPTABLE : SEPTEMBRE 2015
ACTIF
N°
POSTES OU LIGNES ZONE SCES CX CAMEROUN RCA CONGO GABON GUINEE EQUAT. TCHAD
LIGNES
10 DISPONIBILITES EXTERIEURES 6 041 310 356 279 293 233 233 299 1 590 055 696 712 132 525 738 754 1 545 876 387 968 1 221 463 987 678 981 791 501 170 276 363 810 698
15 Avoirs Extérieurs à vue 2 784 900 491 756 293 233 233 299 686 412 207 564 68 579 747 375 656 937 770 183 516 716 434 101 437 421 303 025 125 599 796 209
20 Billets Etrangers 107 548 383 899 2 180 896 237 21 522 063 939 21 529 046 625 2 867 296 206 7 899 476 808 36 880 178 592 14 669 425 492
30 Correspondants Hors Zone d'Emission -33 151 416 339 -33 151 416 339 0 0 0 0 0 0
40 Trésor Français 2 710 503 524 196 324 203 753 401 664 890 143 625 47 050 700 750 654 070 473 977 508 816 957 293 400 541 124 433 110 930 370 717
50 Compte d'Opérations 2 710 503 524 195 324 203 753 401 664 890 143 625 47 050 700 750 654 070 473 977 508 816 957 292 400 541 124 433 110 930 370 717
60 Compte Spécial de Nivellement 1 0 0 0 0 0 0 0
70 Autres avoirs extérieurs (SDM) 3 256 409 864 523 0 903 643 489 148 63 945 991 379 888 938 617 785 704 747 553 577 544 370 198 145 150 764 014 489
80 Comptes Courants Chez Correspondants Etrangers 3 256 409 864 523 0 903 643 489 148 63 945 991 379 888 938 617 785 704 747 553 577 544 370 198 145 150 764 014 489
90 Opérations sur le Marché Financier 0 0 0 0 0 0 0 0
100 ENCAISSE–OR 131 917 677 643 82 141 560 538 19 574 750 390 7 270 788 887 7 270 901 941 8 389 066 058 0 7 270 609 829
110 FONDS MONETAIRE INTERNATIONAL 304 527 241 432 67 859 661 46 833 829 807 9 571 451 405 72 996 215 118 136 640 247 325 26 899 604 919 11 518 033 197
120 Quotes-Parts en Devises 107 475 562 479 0 34 579 160 561 9 247 229 462 15 175 581 243 27 490 736 763 9 514 034 980 11 468 819 470
130 Avoirs en D.T.S. 197 051 678 953 67 859 661 12 254 669 246 324 221 943 57 820 633 875 109 149 510 562 17 385 569 939 49 213 727
140 CREANCES SUR LES BANQUES 174 765 655 408 0 8 444 000 000 500 000 000 38 659 655 408 24 162 000 000 40 000 000 000 63 000 000 000
150 Concours du Marché Monetaire : Guichet A 136 106 000 000 0 8 444 000 000 500 000 000 0 24 162 000 000 40 000 000 000 63 000 000 000
160 Appels d'Offres 136 106 000 000 0 8 444 000 000 500 000 000 0 24 162 000 000 40 000 000 000 63 000 000 000
170 Pensions et Autres 0 0 0 0 0 0 0 0
180 Avances à Moyen Terme Irrévocables : Guichet B 38 659 655 408 0 0 0 38 659 655 408 0 0 0
190 Créances Impayées 0 0 0 0 0 0 0 0
200 CREANCES SUR LES TRESORS NATIONAUX 2 015 991 298 497 0 60 373 668 901 75 597 841 450 572 373 668 901 333 873 668 901 518 222 084 553 455 550 365 791
210 Avances en Comptes Courants (Art. 18) 1 786 264 197 390 0 60 000 000 000 22 382 466 754 572 000 000 000 333 500 000 000 517 848 415 652 280 533 314 984
220 Avances Exceptionnelles 145 859 984 725 0 373 668 901 4 006 640 220 373 668 901 373 668 901 373 668 901 140 358 668 901
230 Crédits à l'Economie Consolidés sur l'Etat 83 867 116 382 0 0 49 208 734 476 0 0 0 34 658 381 906
183 366 493 559
239 CONTREPARTIE DES ALLOCATIONS DE DTS VERSEES AUX ETATS 113 363 458 845 35 882 644 192 0 0 0 34 120 390 522
240 VALEURS IMMOBILISEES 278 048 908 249 246 571 562 746 7 629 220 089 2 736 863 220 5 069 074 436 5 248 975 417 6 185 575 868 4 607 636 473
250 Immobilisations Financières 78 473 005 512 57 278 312 089 6 409 869 383 2 125 609 596 3 895 247 749 2 511 881 627 2 690 837 047 3 561 248 021
260 Créances sur le Personnel 34 379 303 913 13 253 782 578 6 378 778 586 2 121 153 421 3 885 193 403 2 511 669 427 2 690 837 047 3 537 889 451
270 Créances sur les Autres Banques Centrales 0 0 0 0 0 0 0 0
280 Titres de Participations 43 547 310 673 43 547 310 673 0 0 0 0 0 0
290 Autres Immobilisations Financières 546 390 926 477 218 838 31 090 797 4 456 175 10 054 346 212 200 0 23 358 570
300 Immobilisations Incorporelles 12 661 908 807 12 660 680 107 0 959 600 -606 900 876 000 0 0
310 Immobilisations Corporelles 182 257 554 843 171 979 345 463 1 219 350 706 607 080 024 1 174 433 587 2 736 217 790 3 494 738 821 1 046 388 452
320 Autres immobilisations 4 656 439 087 4 653 225 087 0 3 214 000 0 0 0 0
330 AUTRES ACTIFS 32 455 869 222 32 455 869 222 0 0 0 0 0 0
340 DEBITEURS DIVERS 106 997 227 621 1 988 437 460 83 515 928 980 3 504 331 298 6 931 804 307 7 089 074 168 438 674 561 3 528 976 847
350 Avances Diverses au Personnel 4 108 502 394 2 987 121 955 293 684 377 65 884 873 251 198 069 248 143 964 51 240 864 211 228 292
360 Autres Débiteurs Divers 235 066 148 -1 108 410 896 -7 810 586 0 8 566 868 1 342 624 448 96 314 0
370 Comptes de Régularisations - Actif 102 653 659 079 109 726 401 83 230 055 189 3 438 446 425 6 672 039 370 5 498 305 756 387 337 383 3 317 748 555
380 TOTAL DE L'ACTIF 9 269 380 727 910 656 458 522 926 1 929 790 553 724 267 589 659 206 2 249 177 708 079 1 736 867 019 547 1 573 537 441 071 855 959 823 357
TOTAL ACTIF ANNEE PRECEDENTE 9 904 943 021 787 573 638 275 875 1 655 061 184 689 268 749 053 699 2 763 641 428 499 1 626 354 518 388 2 291 409 986 179 726 088 574 458