Source PDF : Situation_Comptable_de_la_BEAC_Octobre_2014_a27ddbf6.pdf
Chemin original : scraping\beac_data\Publications\Situations Comptables\Situation_Comptable_de_la_BEAC_Octobre_2014_a27ddbf6.pdf
Date extraction : 15/06/2026 21:21:44
======================================================================

--- Page 1 ---
06/06/2017 07:42
BANQUE DES ETATS DE L'AFRIQUE CENTRALE
SITUATION COMPTABLE : OCTOBRE 2014
ACTIF
N°
POSTES OU LIGNES ZONE SCES CX CAMEROUN RCA CONGO GABON GUINEE EQUAT. TCHAD
LIGNES
10 DISPONIBILITES EXTERIEURES 7 704 232 239 973 259 929 253 684 1 516 985 382 053 140 894 515 639 2 538 752 509 460 1 175 403 969 047 1 707 967 466 067 364 299 144 023
15 Avoirs Extérieurs à vue 3 474 540 406 039 259 929 253 684 660 679 013 900 61 572 969 879 1 091 642 668 034 499 652 253 236 743 502 353 653 157 561 893 654
20 Billets Etrangers 50 447 258 569 1 226 226 068 16 855 205 401 1 930 937 826 3 616 461 441 6 336 170 541 18 358 147 172 2 124 110 120
30 Correspondants Hors Zone d'Emission -38 856 462 315 -38 856 462 315 0 0 0 0 0 0
40 Trésor Français 3 462 949 609 785 297 559 489 931 643 823 808 499 59 642 032 053 1 088 026 206 593 493 316 082 695 725 144 206 481 155 437 783 534
50 Compte d'Opérations 3 333 896 553 369 297 559 489 931 617 575 064 585 57 210 553 064 1 043 667 298 315 473 203 549 806 695 580 023 974 149 100 573 693
60 Compte Spécial de Nivellement 129 053 056 416 0 26 248 743 914 2 431 478 988 44 358 908 278 20 112 532 889 29 564 182 507 6 337 209 840
70 Autres avoirs extérieurs (SDM) 4 229 691 833 934 0 856 306 368 153 79 321 545 760 1 447 109 841 426 675 751 715 811 964 465 112 414 206 737 250 369
80 Comptes Courants Chez Correspondants Etrangers 4 229 691 833 934 0 856 306 368 153 79 321 545 760 1 447 109 841 426 675 751 715 811 964 465 112 414 206 737 250 369
90 Opérations sur le Marché Financier 0 0 0 0 0 0 0 0
100 ENCAISSE–OR 109 018 333 982 62 470 895 207 18 305 053 675 6 799 176 397 6 799 282 117 7 844 917 632 0 6 799 008 954
110 FONDS MONETAIRE INTERNATIONAL 290 114 414 633 1 687 050 203 44 329 319 830 10 599 748 917 68 580 469 932 128 724 799 188 25 342 251 502 10 850 775 061
120 Quotes-Parts en Devises 101 248 073 630 0 32 575 529 858 8 711 414 464 14 296 257 974 25 897 832 732 8 962 760 389 10 804 278 213
130 Avoirs en D.T.S. 188 866 341 003 1 687 050 203 11 753 789 972 1 888 334 453 54 284 211 958 102 826 966 456 16 379 491 113 46 496 848
140 CREANCES SUR LES BANQUES 85 180 975 694 0 6 199 000 000 0 6 768 975 694 2 000 000 000 40 000 000 000 30 213 000 000
150 Concours du Marché Monetaire : Guichet A 78 412 000 000 0 6 199 000 000 0 0 2 000 000 000 40 000 000 000 30 213 000 000
160 Appels d'Offres 77 192 000 000 0 6 199 000 000 0 0 2 000 000 000 40 000 000 000 28 993 000 000
170 Pensions et Autres 1 220 000 000 0 0 0 0 0 0 1 220 000 000
180 Avances à Moyen Terme Irrévocables : Guichet B 6 768 975 694 0 0 0 6 768 975 694 0 0 0
190 Créances Impayées 0 0 0 0 0 0 0 0
200 CREANCES SUR LES TRESORS NATIONAUX 932 004 738 659 0 209 797 833 74 948 359 910 209 797 833 257 709 797 833 371 393 808 021 227 533 177 229
210 Avances en Comptes Courants (Art. 18) 843 253 394 481 0 0 21 904 386 803 0 257 500 000 000 371 184 010 188 192 664 997 490
220 Avances Exceptionnelles 4 884 227 796 0 209 797 833 3 835 238 631 209 797 833 209 797 833 209 797 833 209 797 833
230 Crédits à l'Economie Consolidés sur l'Etat 83 867 116 382 0 0 49 208 734 476 0 0 0 34 658 381 906
239 CONTREPARTIE DES ALLOCATIONS DE DTS VERSEES AUX ETATS 170 953 799 637 106 589 619 178 32 220 837 990 0 0 0 32 143 342 469
240 VALEURS IMMOBILISEES 254 034 815 025 223 735 173 375 7 249 171 451 2 433 253 531 4 959 164 373 5 200 981 213 6 549 695 530 3 907 375 552
250 Immobilisations Financières 58 822 006 537 39 526 855 975 6 107 358 851 1 773 066 330 3 643 677 978 2 355 323 384 2 560 967 470 2 854 756 549
260 Créances sur le Personnel 32 305 224 552 13 079 158 478 6 076 355 654 1 768 610 155 3 633 623 632 2 355 111 184 2 560 967 470 2 831 397 979
270 Créances sur les Autres Banques Centrales 0 0 0 0 0 0 0 0
280 Titres de Participations 24 141 810 673 24 141 810 673 0 0 0 0 0 0
290 Autres Immobilisations Financières 2 374 971 312 2 305 886 824 31 003 197 4 456 175 10 054 346 212 200 0 23 358 570
300 Immobilisations Incorporelles 11 069 273 472 11 068 314 672 0 958 800 0 0 0 0
310 Immobilisations Corporelles 180 164 348 588 169 160 816 300 1 141 812 600 659 228 401 1 315 486 395 2 845 657 829 3 988 728 060 1 052 619 003
320 Autres immobilisations 3 979 186 428 3 979 186 428 0 0 0 0 0 0
330 AUTRES ACTIFS 32 694 712 248 32 694 712 248 0 0 0 0 0 0
340 DEBITEURS DIVERS 19 175 898 779 2 115 302 875 5 222 056 081 2 567 567 247 2 049 114 072 4 720 581 998 97 307 872 2 403 968 634
350 Avances Diverses au Personnel 4 026 641 494 3 036 210 808 259 744 845 99 839 545 151 764 743 223 370 986 57 496 785 198 213 782
360 Autres Débiteurs Divers 92 629 023 -1 114 955 576 11 827 0 14 770 286 1 152 991 399 39 811 087 0
370 Comptes de Régularisations - Actif 15 056 628 262 194 047 643 4 962 299 409 2 467 727 702 1 882 579 043 3 344 219 613 0 2 205 754 852
380 TOTAL DE L'ACTIF 9 597 409 928 630 582 632 387 592 1 705 089 400 101 270 463 459 631 2 628 119 313 481 1 581 605 046 911 2 151 350 528 992 678 149 791 922
TOTAL ACTIF ANNEE PRECEDENTE 9 375 236 970 436 581 660 168 875 1 761 727 698 739 219 445 680 651 2 616 908 287 826 1 399 717 263 007 2 074 865 537 039 720 912 334 299