Source PDF : Situation_Comptable_de_la_BEAC_Juillet_2014_bd2a0327.pdf
Chemin original : scraping\beac_data\Publications\Situations Comptables\Situation_Comptable_de_la_BEAC_Juillet_2014_bd2a0327.pdf
Date extraction : 15/06/2026 21:21:53
======================================================================

--- Page 1 ---
06/06/2017 07:40
BANQUE DES ETATS DE L'AFRIQUE CENTRALE
SITUATION COMPTABLE : JUILLET 2014
ACTIF
N°
POSTES OU LIGNES ZONE SCES CX CAMEROUN RCA CONGO GABON GUINEE EQUAT. TCHAD
LIGNES
10 DISPONIBILITES EXTERIEURES 8 116 732 444 348 257 750 208 887 1 501 749 505 931 115 854 803 704 2 650 183 489 722 1 237 044 437 388 1 888 076 172 597 466 073 826 119
15 Avoirs Extérieurs à vue 3 848 706 980 273 257 750 208 887 685 514 833 525 53 953 742 252 1 212 562 232 702 559 445 383 275 865 015 311 926 214 465 267 706
20 Billets Etrangers 28 254 895 179 1 372 163 442 968 510 662 2 039 574 145 6 881 589 094 6 531 343 975 7 011 389 878 3 450 323 983
30 Correspondants Hors Zone d'Emission -33 790 668 792 -33 790 668 792 0 0 0 0 0 0
40 Trésor Français 3 854 242 753 886 290 168 714 237 684 546 322 863 51 914 168 107 1 205 680 643 608 552 914 039 300 858 003 922 048 211 014 943 723
50 Compte d'Opérations 3 779 250 311 631 290 168 714 237 670 142 637 637 50 821 831 020 1 180 311 659 957 541 280 057 036 839 950 478 471 206 574 933 272
60 Compte Spécial de Nivellement 74 992 442 255 0 14 403 685 226 1 092 337 087 25 368 983 651 11 633 982 264 18 053 443 577 4 440 010 450
70 Autres avoirs extérieurs (SDM) 4 268 025 464 075 0 816 234 672 406 61 901 061 452 1 437 621 257 020 677 599 054 113 1 023 060 860 671 251 608 558 413
80 Comptes Courants Chez Correspondants Etrangers 4 268 025 464 075 0 816 234 672 406 61 901 061 452 1 437 621 257 020 677 599 054 113 1 023 060 860 671 251 608 558 413
90 Opérations sur le Marché Financier 0 0 0 0 0 0 0 0
100 ENCAISSE–OR 112 347 500 116 64 378 610 920 18 864 047 402 7 006 807 416 7 006 916 364 8 084 483 153 0 7 006 634 861
110 FONDS MONETAIRE INTERNATIONAL 283 284 130 455 3 640 663 531 42 966 626 503 10 272 646 484 66 498 403 858 124 816 783 720 24 573 217 523 10 515 788 836
120 Quotes-Parts en Devises 98 174 236 727 0 31 586 554 343 8 446 940 619 13 862 231 293 25 111 588 500 8 690 655 818 10 476 266 154
130 Avoirs en D.T.S. 185 109 893 728 3 640 663 531 11 380 072 160 1 825 705 865 52 636 172 565 99 705 195 220 15 882 561 705 39 522 682
140 CREANCES SUR LES BANQUES 32 722 206 169 0 3 953 230 475 0 6 768 975 694 0 0 22 000 000 000
150 Concours du Marché Monetaire : Guichet A 25 953 230 475 0 3 953 230 475 0 0 0 0 22 000 000 000
160 Appels d'Offres 25 953 230 475 0 3 953 230 475 0 0 0 0 22 000 000 000
170 Pensions et Autres 0 0 0 0 0 0 0 0
180 Avances à Moyen Terme Irrévocables : Guichet B 6 768 975 694 0 0 0 6 768 975 694 0 0 0
190 Créances Impayées 0 0 0 0 0 0 0 0
200 CREANCES SUR LES TRESORS NATIONAUX 559 286 805 413 0 209 797 833 74 810 882 796 209 797 833 257 709 797 833 209 797 833 226 136 731 285
210 Avances en Comptes Courants (Art. 18) 470 535 461 235 0 0 21 766 909 689 0 257 500 000 000 0 191 268 551 546
220 Avances Exceptionnelles 4 884 227 796 0 209 797 833 3 835 238 631 209 797 833 209 797 833 209 797 833 209 797 833
230 Crédits à l'Economie Consolidés sur l'Etat 83 867 116 382 0 0 49 208 734 476 0 0 0 34 658 381 906
165 763 734 494
239 CONTREPARTIE DES ALLOCATIONS DE DTS VERSEES AUX ETATS 103 353 615 835 31 242 630 728 0 0 0 31 167 487 931
240 VALEURS IMMOBILISEES 255 537 947 641 224 807 461 125 7 252 677 683 2 237 748 704 5 085 160 150 5 452 525 448 6 573 540 974 4 128 833 557
250 Immobilisations Financières 58 166 396 008 39 046 169 456 6 105 052 708 1 561 664 634 3 676 298 209 2 349 697 352 2 418 955 926 3 008 557 723
260 Créances sur le Personnel 31 652 114 023 12 600 971 959 6 074 049 511 1 557 208 459 3 666 243 863 2 349 485 152 2 418 955 926 2 985 199 153
270 Créances sur les Autres Banques Centrales 0 0 0 0 0 0 0 0
280 Titres de Participations 24 141 810 673 24 141 810 673 0 0 0 0 0 0
290 Autres Immobilisations Financières 2 372 471 312 2 303 386 824 31 003 197 4 456 175 10 054 346 212 200 0 23 358 570
300 Immobilisations Incorporelles 10 970 689 192 10 969 730 392 0 958 800 0 0 0 0
310 Immobilisations Corporelles 182 921 699 312 171 312 398 148 1 147 624 975 675 125 270 1 408 861 941 3 102 828 096 4 154 585 048 1 120 275 834
320 Autres immobilisations 3 479 163 129 3 479 163 129 0 0 0 0 0 0
330 AUTRES ACTIFS 37 468 388 126 37 468 388 126 0 0 0 0 0 0
340 DEBITEURS DIVERS 20 263 613 573 1 744 108 997 5 650 956 715 2 643 007 382 2 502 858 467 5 209 085 478 95 395 221 2 418 201 313
350 Avances Diverses au Personnel 3 630 983 586 2 697 335 482 275 587 445 130 008 666 117 842 615 193 542 471 48 761 520 167 905 387
360 Autres Débiteurs Divers 241 606 504 -1 036 068 896 11 827 0 14 770 286 1 216 259 586 46 633 701 0
370 Comptes de Régularisations - Actif 16 391 023 483 82 842 411 5 375 357 443 2 512 998 716 2 370 245 566 3 799 283 421 0 2 250 295 926
380 TOTAL DE L'ACTIF 9 583 406 770 335 589 789 441 586 1 684 000 458 377 244 068 527 214 2 738 255 602 088 1 638 317 113 020 1 919 528 124 148 769 447 503 902
TOTAL ACTIF ANNEE PRECEDENTE 10 015 475 978 643 572 154 943 145 1 810 890 660 339 209 703 812 465 2 719 078 889 691 1 527 531 027 529 2 468 053 772 956 708 062 872 518