Source PDF : Situation_comptable_de_la_BEAC_au_31_octobre_2009_233af95e.pdf
Chemin original : scraping\beac_data\Publications\Situations Comptables\Situation_comptable_de_la_BEAC_au_31_octobre_2009_233af95e.pdf
Date extraction : 15/06/2026 21:22:57
======================================================================

--- Page 1 ---
BANQUE DES ETATS DE L'AFRIQUE CENTRALE
30/11/2009 10:33
SITUATION COMPTABLE : OCTOBRE 2009
ACTIF
N°
POSTES OU LIGNES ZONE SCES CX CAMEROUN RCA CONGO GABON GUINEE EQUAT. TCHAD
LIGNES
10 DISPONIBILITES EXTERIEURES 6 137 384 792 966 363 141 805 797 1 479 157 134 919 62 494 900 373 1 615 923 162 811 803 010 912 244 1 575 781 527 297 237 875 349 525
15 Avoirs Extérieurs à vue 5 467 220 931 787 363 141 805 797 1 299 374 348 620 50 853 527 961 1 427 905 871 625 703 857 450 743 1 415 661 154 061 206 426 772 981
20 Billets Etrangers 17 387 485 169 629 476 565 4 350 483 925 201 883 884 554 726 412 2 014 686 499 8 466 984 528 1 169 243 356
30 Correspondants Hors Zone d'Emission -3 755 055 500 -3 755 055 500 0 0 0 0 0 0
40 Trésor Français 5 453 588 502 118 366 267 384 732 1 295 023 864 695 50 651 644 077 1 427 351 145 213 701 842 764 244 1 407 194 169 533 205 257 529 625
50 Compte d'Opérations 3 689 457 746 318 366 267 384 732 844 365 100 133 33 025 245 085 930 643 461 877 457 606 652 714 923 720 480 344 133 829 421 433
60 Compte Spécial de Nivellement 1 764 130 755 800 0 450 658 764 562 17 626 398 991 496 707 683 336 244 236 111 529 483 473 689 189 71 428 108 191
70 Autres avoirs extérieurs (SDM) 670 163 861 179 0 179 782 786 299 11 641 372 412 188 017 291 186 99 153 461 501 160 120 373 236 31 448 576 544
p p
80 Etrangers 218 546 633 457 0 54 988 123 395 2 150 723 960 60 606 883 812 33 093 335 266 58 992 108 819 8 715 458 205
90 Opérations sur le Marché Financier 451 617 227 722 0 124 794 662 904 9 490 648 452 127 410 407 374 66 060 126 236 101 128 264 416 22 733 118 340
100 ENCAISSE–OR 0 0 0 0 0 0 0 0
110 FONDS MONETAIRE INTERNATIONAL 421 685 612 037 1 593 194 561 139 376 645 948 39 037 293 547 62 399 642 917 117 148 917 664 22 967 468 163 39 162 449 237
120 Quotes-Parts en Devises 86 807 618 111 0 29 648 645 881 7 927 445 423 13 011 580 421 23 563 891 105 4 689 853 458 7 966 201 823
130 Avoirs en D.T.S. 334 877 993 926 1 593 194 561 109 728 000 067 31 109 848 124 49 388 062 496 93 585 026 559 18 277 614 705 31 196 247 414
140 CREANCES SUR LES BANQUES 15 047 000 000 0 6 087 000 000 0 0 0 0 8 960 000 000
150 Concours du Marché Monetaire : Guichet A 14 676 000 000 0 5 716 000 000 0 0 0 0 8 960 000 000
160 Appels d'Offres 14 216 000 000 0 5 716 000 000 0 0 0 0 8 500 000 000
170 Pensions et Autres 460 000 000 0 0 0 0 0 0 460 000 000
180 Avances à Moyen Terme Irrévocables : Guichet B 371 000 000 0 371 000 000 0 0 0 0 0
190 Créances Impayées 0 0 0 0 0 0 0 0
200 CREANCES SUR LES TRESORS NATIONAUX 340 649 133 313 0 330 763 937 65 990 987 575 42 000 000 000 90 181 362 745 0 142 146 019 056
210 Avances en Comptes Courants (Art. 18) 259 007 639 471 0 0 18 917 438 683 42 000 000 000 90 000 000 000 0 108 090 200 788
220 Avances Exceptionnelles 3 067 500 000 0 0 3 067 500 000 0 0 0 0
230 Crédits à l'Economie Consolidés sur l'Etat 78 573 993 842 0 330 763 937 44 006 048 892 0 181 362 745 0 34 055 818 268
240 VALEURS IMMOBILISEES 224 110 002 155 197 835 214 888 7 460 655 019 2 688 419 210 5 482 605 947 6 051 930 655 2 108 727 172 2 482 449 264
250 Immobilisations Financières 22 162 794 987 17 140 642 192 1 846 908 329 556 671 739 1 118 189 222 490 462 129 574 544 995 435 376 381
260 Créances sur le Personnel 11 945 701 629 6 923 951 339 1 846 505 824 556 671 739 1 118 189 222 490 462 129 574 544 995 435 376 381
270 Créances sur les Autres Banques Centrales 6 137 996 687 6 137 996 687 0 0 0 0 0 0
280 Titres de Participations 4 078 694 166 4 078 694 166 0 0 0 0 0 0
290 Autres Immobilisations Financières 402 505 0 402 505 0 0 0 0 0
300 Immobilisations Incorporelles 20 142 907 354 20 142 907 354 0 0 0 0 0 0
310 Immobilisations Corporelles 125 464 458 390 104 211 823 918 5 613 746 690 2 131 747 471 4 364 416 725 5 561 468 526 1 534 182 177 2 047 072 883
320 Autres Valeurs Immobilisées 56 339 841 424 56 339 841 424 0 0 0 0 0 0
330 DEBITEURS DIVERS 45 049 606 427 21 816 209 496 7 170 893 208 2 840 626 506 3 239 492 488 7 051 865 181 360 496 060 2 570 023 488
340 Avances Diverses au Personnel 2 395 475 115 1 694 755 372 201 362 453 80 799 817 68 630 898 192 200 931 66 844 929 90 880 715
350 Autres Débiteurs Divers 24 007 243 479 19 998 161 444 1 188 863 184 7 035 402 570 701 308 1 966 977 703 241 421 473 34 082 965
360 Comptes de Régularisations - Actif 18 646 887 833 123 292 680 5 780 667 571 2 752 791 287 2 600 160 282 4 892 686 547 52 229 658 2 445 059 808
370 TOTAL DE L'ACTIF 7 183 926 146 898 584 386 424 742 1 639 583 093 031 173 052 227 211 1 729 044 904 163 1 023 444 988 489 1 601 218 218 692 433 196 290 570
TOTAL ACTIF ANNEE PRECEDENTE 7 634 515 168 741 630 329 029 270 1 486 979 181 663 128 459 160 281 1 647 316 348 189 910 384 472 884 2 235 135 899 933 595 911 076 521
Contrôle ‐ Egalité Actif et Passif 0 0 0 0 0 0 0 0

--- Page 2 ---
30/11/2009 10:35
BANQUE DES ETATS DE L'AFRIQUE CENTRALE
SITUATION COMPTABLE : OCTOBRE 2009
PASSIF
N° LIGNE POSTES OU LIGNES ZONE SCES CX CAMEROUN RCA CONGO GABON GUINEE EQUAT. TCHAD
10 BILLETS ET PIECES EN CIRCULATION 1 740 164 198 814 497 289 520 577 77 375 263 022 397 129 158 535 330 304 800 609 127 658 018 606 310 407 437 465
20 TRESORS ET COMPTABLES PUBLICS NATIONAUX 2 695 520 333 660 314 004 168 543 487 259 073 13 408 978 862 924 700 641 587 236 731 005 815 958 977 007 965 17 901 436 190
30 Comptes courants 581 449 219 839 0 280 676 920 134 12 650 658 247 131 028 974 140 62 012 902 152 79 474 517 799 15 605 247 367
40 Fonds de Stabilisation des Recettes Budgétaires 1 446 232 334 148 0 0 0 780 851 373 663 0 665 380 960 485 0
50 Fonds de Réserves Pour Générations Futures 209 618 460 732 0 0 0 0 171 052 064 120 38 566 396 612 0
60 Dépôts spéciaux 458 220 318 941 314 004 168 262 810 338 939 758 320 615 12 820 293 784 3 666 039 543 175 555 133 069 2 296 188 823
70 BANQUES ET INSTITUTIONS FINANCIERES 1 864 727 930 656 0 578 119 973 346 17 462 514 342 354 638 597 176 353 457 744 555 503 875 359 847 57 173 741 390
80 Banques et Institutions Etrangères 96 065 556 654 0 32 680 130 329 9 643 360 236 14 155 723 876 24 629 306 010 3 997 157 338 10 959 878 865
90 Banques et Institutions Financières de la Zone 1 768 662 374 002 0 545 439 843 017 7 819 154 106 340 482 873 300 328 828 438 545 499 878 202 509 46 213 862 525
100 Comptes courants 422 673 151 037 0 180 661 843 017 6 669 154 106 59 011 650 335 80 599 438 545 72 777 202 509 22 953 862 525
110 Dépôts et placements sur marché monétaire 778 054 222 965 0 156 500 000 000 1 150 000 000 189 054 222 965 145 350 000 000 285 000 000 000 1 000 000 000
120 Comptes de Réserves Obligatoires 567 935 000 000 0 208 278 000 000 0 92 417 000 000 102 879 000 000 142 101 000 000 22 260 000 000
130 Autres Comptes des Etablissements de Crédit 0 0 0 0 0 0 0 0
140 AUTRES COMPTES COURANTS 38 443 497 607 15 902 416 188 5 659 878 710 793 830 789 5 616 211 629 5 600 308 200 3 783 951 612 1 086 900 479
150 FMI : ALLOCATION DES D.T.S. 381 895 132 254 0 124 913 188 074 37 607 139 408 56 153 549 477 103 387 570 731 22 049 175 435 37 784 509 129
160 EMPRUNTS ET DETTES A LONG ET MOYEN TERME 8 945 606 965 8 945 606 965 0 0 0 0 0 0
170 AUTRES PASSIFS 185 846 070 185 846 070 0 0 0 0 0 0
180 PROVISIONS 34 770 167 186 34 770 167 186 0 0 0 0 0 0
190 REPORT A NOUVEAU 0 0 0 0 0 0 0 0
200 RESERVES 290 926 664 586 378 494 217 747 -112 468 246 972 23 897 716 245 -2 307 550 546 -4 150 364 654 -1 911 356 753 9 372 249 519
210 CAPITAL ET PRIME D'AUGMENTATION 91 507 313 350 91 507 313 350 0 0 0 0 0 0
220 CREDITEURS DIVERS 10 763 866 357 3 490 239 834 229 880 607 1 148 590 769 2 060 375 436 295 558 387 222 794 947 3 316 426 377
230 TRANSFERTS NON DENOUES 4 984 122 471 12 770 585 268 964 664 178 098 445 2 308 429 665 1 976 093 388 0 239 765 724
240 COMPTES DE REGULARISATIONS - PASSIF 19 640 347 236 224 960 13 616 645 405 0 2 973 732 390 0 2 986 294 481 63 450 000
250 COMPTE DE RESULTAT 1 451 119 686 50 763 617 689 -11 533 970 453 1 180 095 329 -14 228 241 186 -4 157 728 542 -16 423 027 448 -4 149 625 703
260 TOTAL DU PASSIF 7 183 926 146 898 584 386 424 742 1 639 583 093 031 173 052 227 211 1 729 044 904 1631 023 444 988 489 1 601 218 218 692 433 196 290 570
TOTAL PASSIF ANNEE PRECEDENTE 7 634 515 168 741 630 329 029 270 1 486 979 181 663 128 459 160 281 1 647 316 348 189 910 384 472 884 2 235 135 899 933 595 911 076 521