Source PDF : Situation_Comptable_de_la_BEAC_au_31_mai_2013_b32b29f5.pdf
Chemin original : scraping\beac_data\Publications\Situations Comptables\Situation_Comptable_de_la_BEAC_au_31_mai_2013_b32b29f5.pdf
Date extraction : 15/06/2026 21:22:35
======================================================================

--- Page 1 ---
06/08/2013 09:22
BANQUE DES ETATS DE L'AFRIQUE CENTRALE
SITUATION COMPTABLE : MAI 2013
ACTIF
N°
POSTES OU LIGNES ZONE SCES CX CAMEROUN RCA CONGO GABON GUINEE EQUAT. TCHAD
LIGNES
10 DISPONIBILITES EXTERIEURES 8 474 086 883 764 246 453 723 130 1 678 390 647 597 76 269 200 185 2 556 825 553 068 1 061 688 050 752 2 477 395 296 602 377 064 412 430
15 Avoirs Extérieurs à vue 5 730 500 661 736 246 453 723 130 1 127 427 895 866 51 509 700 654 1 716 490 867 023 669 885 870 365 1 665 149 178 269 253 583 426 428
20 Billets Etrangers 18 674 656 367 1 106 137 055 3 284 481 653 992 259 594 1 934 233 520 1 812 917 681 7 902 618 905 1 642 007 959
30 Correspondants Hors Zone d'Emission -31 710 300 595 -31 710 300 595 0 0 0 0 0 0
40 Trésor Français 5 743 536 305 964 277 057 886 670 1 124 143 414 213 50 517 441 060 1 714 556 633 503 668 072 952 684 1 657 246 559 364 251 941 418 469
50 Compte d'Opérations 5 208 150 762 134 277 057 886 670 1 014 045 081 333 45 569 775 156 1 546 633 397 851 602 642 050 005 1 494 936 233 965 227 266 337 153
60 Compte Spécial de Nivellement 535 385 543 830 0 110 098 332 880 4 947 665 904 167 923 235 652 65 430 902 679 162 310 325 399 24 675 081 316
70 Autres avoirs extérieurs (SDM) 2 743 586 222 028 0 550 962 751 731 24 759 499 531 840 334 686 045 391 802 180 387 812 246 118 333 123 480 986 002
80 Comptes Courants Chez Correspondants Etrangers 2 743 586 122 027 0 550 962 731 167 24 759 498 606 840 334 654 680 391 802 168 166 812 246 088 016 123 480 981 393
90 Opérations sur le Marché Financier 100 001 0 20 565 924 31 365 12 221 30 317 4 609
100 ENCAISSE–OR 125 535 712 828 71 935 824 183 21 078 471 006 7 829 326 539 7 829 448 279 9 033 509 094 0 7 829 133 727
110 FONDS MONETAIRE INTERNATIONAL 282 442 827 999 512 829 145 43 297 590 833 10 589 645 599 67 043 664 340 125 668 742 921 24 742 443 603 10 587 911 558
120 Quotes-Parts en Devises 98 843 755 654 0 31 801 965 195 8 504 546 228 13 956 767 563 25 282 842 021 8 749 923 491 10 547 711 156
130 Avoirs en D.T.S. 183 599 072 345 512 829 145 11495625638 2085099371 53086896777 1,00386E+11 15992520112 40200402
140 CREANCES SUR LES BANQUES 14 825 000 000 0 2 461 000 000 0 9 964 000 000 0 0 2 400 000 000
150 Concours du Marché Monetaire : Guichet A 4 861 000 000 0 2 461 000 000 0 0 0 0 2 400 000 000
160 Appels d'Offres 4 861 000 000 0 2 461 000 000 0 0 0 0 2 400 000 000
170 Pensions et Autres 0 0 0 0 0 0 0 0
180 Avances à Moyen Terme Irrévocables : Guichet B 9 964 000 000 0 0 0 9 964 000 000 0 0 0
190 Créances Impayées 0 0 0 0 0 0 0 0
200 CREANCES SUR LES TRESORS NATIONAUX 540 865 491 424 0 472 467 818 72 454 985 363 472 467 818 242 972 467 818 472 467 816 224 020 634 791
210 Avances en Comptes Courants (Art. 18) 453 759 356 006 0 0 21 036 556 251 0 242 500 000 000 0 190 222 799 755
220 Avances Exceptionnelles 6 197 872 969 0 472 467 818 3 835 533 881 472 467 818 472 467 818 472 467 816 472 467 818
230 Crédits à l'Economie Consolidés sur l'Etat 80 908 262 449 0 0 47 582 895 231 0 0 0 33 325 367 218
166 650 430 912
239 CONTREPARTIE DES ALLOCATIONS DE DTS VERSEES AUX ETATS 104 058 456 575 31 211 933 465 0 0 0 31 380 040 872
240 VALEURS IMMOBILISEES 240 053 633 256 215 735 487 185 7 823 181 907 2 478 300 076 4 685 162 164 2 966 927 447 2 240 779 561 4 123 794 916
250 Immobilisations Financières 50 699 827 064 33 702 920 678 6 183 806 414 1 601 266 042 2 836 415 495 1 973 086 771 1 869 360 297 2 532 971 367
260 Créances sur le Personnel 27 697 366 079 10 770 053 181 6 152 821 217 1 596 229 867 2 826 414 149 1 972 874 571 1 869 360 297 2 509 612 797
270 Créances sur les Autres Banques Centrales 0 0 0 0 0 0 0 0
280 Titres de Participations 20 626 480 673 20 626 480 673 0 0 0 0 0 0
290 Autres Immobilisations Financières 2 375 980 312 2 306 386 824 30 985 197 5 036 175 10 001 346 212 200 0 23 358 570
300 Immobilisations Incorporelles 10 584 751 532 10 584 751 532 0 0 0 0 0 0
310 Immobilisations Corporelles 178 367 081 361 171 045 841 676 1 639 375 493 877 034 034 1 848 746 669 993 840 676 371 419 264 1 590 823 549
320 Autres immobilisations 401 973 299 401 973 299 0 0 0 0 0 0
330 AUTRES ACTIFS 34 274 647 192 34 274 647 192 0 0 0 0 0 0
340 DEBITEURS DIVERS 23 956 636 059 2 361 775 234 6 606 503 666 3 037 487 559 3 247 144 382 5 755 275 690 206 253 941 2 742 195 587
350 Avances Diverses au Personnel 3 748 678 881 2 600 205 922 228 287 656 256 745 410 255 501 332 180 855 487 47 569 861 179 513 213
360 Autres Débiteurs Divers 819 395 645 -368 003 397 -675 072 9 590 17 089 837 1 099 382 410 69 076 921 2 515 356
370 Comptes de Régularisations - Actif 19 388 561 533 129 572 709 6 378 891 082 2 780 732 559 2 974 553 213 4 475 037 793 89 607 159 2 560 167 018
380 TOTAL DE L'ACTIF 9 902 691 263 434 571 274 286 069 1 864 188 319 402 203 870 878 786 2 650 067 440 051 1 448 084 973 722 2 505 057 241 523 660 148 123 881
TOTAL ACTIF ANNEE PRECEDENTE 9 264 977 204 403 588 090 987 732 1 757 657 317 801 207 664 057 185 2 958 987 484 873 1 453 771 401 466 1 622 165 778 316 676 640 177 030

--- Page 2 ---
06/08/2013 09:23
BANQUE DES ETATS DE L'AFRIQUE CENTRALE
SITUATION COMPTABLE : MAI 2013
PASSIF
N° LIGNE POSTES OU LIGNES ZONE SCES CX CAMEROUN RCA CONGO GABON GUINEE EQUAT. TCHAD
10 BILLETS ET PIECES EN CIRCULATION 2 441 660 654 799 614 906 186 662 115 240 944 962 623 981 482 986 401 586 472 580 268 871 362 301 417 074 205 308
20 TRESORS ET COMPTABLES PUBLICS NATIONAUX 3 167 257 361 988 7 786 493 287 344 014 883 073 1 914 422 689 1 325 243 122 645 346 283 725 998 1 052 187 758 405 89 826 955 891
30 Comptes courants 637 530 725 556 0 69 639 209 602 231 859 831 151 069 888 204 86 411 556 207 305 936 393 681 24 241 818 031
40 Fonds de Stabilisation des Recettes Budgétaires 474 827 186 443 0 0 0 131 975 738 273 0 327 212 239 369 15 639 208 801
50 Fonds de Réserves Pour Générations Futures 1 298 768 275 102 0 0 0 1 028 642 570 544 194 726 277 298 75 399 427 260 0
60 Dépôts spéciaux 756 131 174 887 7 786 493 287 274 375 673 471 1 682 562 858 13 554 925 624 65 145 892 493 343 639 698 095 49 945 929 059
70 BANQUES ET INSTITUTIONS FINANCIERES 3 317 586 375 898 0 848 385 812 248 12 132 014 092 623 234 799 491 581 822 363 559 1 152 393 958 513 99 617 427 995
80 Banques et Institutions Etrangères 94 898 856 202 0 32 739 673 027 9 553 725 204 13 458 254 416 25 053 686 581 4 089 490 628 10 004 026 346
90 Banques et Institutions Financières de la Zone 3 222 687 519 696 0 815 646 139 221 2 578 288 888 609 776 545 075 556 768 676 978 1 148 304 467 885 89 613 401 649
100 Comptes courants 2 244 915 143 543 0 539 400 139 221 2 578 288 888 354 428 168 922 349 380 676 978 953 453 467 885 45 674 401 649
110 Dépôts et placements sur marché monétaire 55 376 153 0 0 0 55 376 153 0 0 0
120 Comptes de Réserves Obligatoires 977 717 000 000 0 276 246 000 000 0 255 293 000 000 207 388 000 000 194 851 000 000 43 939 000 000
130 Autres Comptes des Etablissements de Crédit 0 0 0 0 0 0 0 0
140 AUTRES COMPTES COURANTS 95 778 815 750 11 708 271 875 38 829 797 342 4 367 237 767 18 600 267 555 10 081 795 495 10 549 413 464 1 642 032 252
150 FMI : ALLOCATION DES D.T.S. 409 665 242 920 0 133 996 448 801 40 341 802 237 60 236 843 952 110 905 562 029 23 652 516 221 40 532 069 680
160 EMPRUNTS ET DETTES A LONG ET MOYEN TERME 10 512 689 265 10 512 689 265 0 0 0 0 0 0
170 AUTRES PASSIFS 0 0 0 0 0 0 0 0
180 PROVISIONS 14 837 514 150 14 837 514 150 0 0 0 0 0 0
190 REPORT A NOUVEAU 0 0 0 0 0 0 0 0
200 RESERVES 319 684 424 893 407 251 978 054 -112 468 246 972 23 897 716 245 -2 307 550 546 -4 150 364 654 -1 911 356 753 9 372 249 519
210 CAPITAL ET PRIME D'AUGMENTATION 91 507 313 350 91 507 313 350 0 0 0 0 0 0
220 CREDITEURS DIVERS 19 589 079 459 8 912 720 819 140 735 997 7 205 875 080 456 879 774 278 486 112 171 175 115 2 423 206 562
230 TRANSFERTS NON DENOUES 53 713 243 12 639 427 5 968 099 2 504 870 6 273 291 26 327 556 0 0
240 COMPTES DE REGULARISATIONS - PASSIF 8 464 797 382 1 028 412 765 56 249 422 25 857 725 7 227 642 406 1 553 298 78 016 447 47 065 319
250 COMPTE DE RESULTAT 6 093 280 337 17 716 253 077 -3 679 515 270 -1 257 496 881 -6 612 321 503 1 249 051 749 -935 602 190 -387 088 645
270 TOTAL DU PASSIF 9 902 691 263 434 571 274 286 069 1 864 188 319 402 203 870 878 786 2 650 067 440 051 1 448 084 973 722 2 505 057 241 523 660 148 123 881
TOTAL PASSIF ANNEE PRECEDENTE 9 264 977 204 403 588 090 987 732 1 757 657 317 801 207 664 057 185 2 958 987 484 873 1 453 771 401 466 1 622 165 778 316 676 640 177 030
TAUX DE COUVERTURE 98,33 94,40 70,85 101,57 89,30 100,73 65,03
TAUX DE COUVERTURE DU MOIS ANTERIEUR 98,23 94,31 71,26 101,3 89,19 101,04 67,22