Source PDF : Situation_Comptable_de_la_BEAC_Mai_2015_f98e8850.pdf
Chemin original : scraping\beac_data\Publications\Situations Comptables\Situation_Comptable_de_la_BEAC_Mai_2015_f98e8850.pdf
Date extraction : 15/06/2026 21:21:24
======================================================================

--- Page 1 ---
BANQUE DES ETATS DE L'AFRIQUE CENTRALE
SITUATION COMPTABLE : MAI 2015
ACTIF
N°
POSTES OU LIGNES ZONE SCES CX CAMEROUN RCA CONGO GABON GUINEE EQUAT. TCHAD
LIGNES
10 DISPONIBILITES EXTERIEURES 6 488 818 339 428 284 048 587 832 1 537 683 792 471 128 118 589 160 2 102 429 417 812 1 030 188 956 350 1 021 792 209 158 384 556 786 645
15 Avoirs Extérieurs à vue 2 946 708 317 025 284 048 587 832 660 160 230 439 65 965 374 256 883 248 580 991 420 907 026 554 451 067 899 593 181 310 617 361
20 Billets Etrangers 178 367 712 799 13 953 540 254 37 431 776 215 21 858 780 294 18 065 432 889 3 922 399 680 46 057 387 669 37 078 395 798
30 Correspondants Hors Zone d'Emission -51 164 117 244 -51 164 117 244 0 0 0 0 0 0
40 Trésor Français 2 819 504 721 470 321 259 164 822 622 728 454 224 44 106 593 962 865 183 148 102 416 984 626 874 405 010 511 924 144 232 221 563
50 Compte d'Opérations 2 819 504 721 469 321 259 164 822 622 728 454 224 44 106 593 962 865 183 148 102 416 984 626 873 405 010 511 924 144 232 221 563
60 Compte Spécial de Nivellement 1 0 0 0 0 0 0 0
70 Autres avoirs extérieurs (SDM) 3 542 110 022 403 0 877 523 562 032 62 153 214 904 1 219 180 836 821 609 281 929 796 570 724 309 565 203 246 169 284
80 Comptes Courants Chez Correspondants Etrangers 3 542 110 022 403 0 877 523 562 032 62 153 214 904 1 219 180 836 821 609 281 929 796 570 724 309 565 203 246 169 284
90 Opérations sur le Marché Financier 0 0 0 0 0 0 0 0
100 ENCAISSE–OR 143 783 513 233 89 530 094 584 21 335 475 518 7 924 787 555 7 924 910 778 9 143 652 406 0 7 924 592 392
110 FONDS MONETAIRE INTERNATIONAL 312 489 931 474 2 848 729 016 47 582 254 434 11 118 589 383 73 843 848 510 138 226 916 389 27 212 206 411 11 657 387 331
120 Quotes-Parts en Devises 108 723 570 687 0 34 980 694 410 9 354 608 461 15 351 800 371 27 809 959 703 9 624 512 129 11 601 995 613
130 Avoirs en D.T.S. 203 766 360 787 2 848 729 016 12 601 560 024 1 763 980 922 58 492 048 139 110 416 956 686 17 587 694 282 55 391 718
140 CREANCES SUR LES BANQUES 255 182 655 408 0 64 933 000 000 1 000 000 000 38 659 655 408 11 050 000 000 90 000 000 000 49 540 000 000
150 Concours du Marché Monetaire : Guichet A 216 523 000 000 0 64 933 000 000 1 000 000 000 0 11 050 000 000 90 000 000 000 49 540 000 000
160 Appels d'Offres 215 523 000 000 0 64 933 000 000 0 0 11 050 000 000 90 000 000 000 49 540 000 000
170 Pensions et Autres 1 000 000 000 0 0 1 000 000 000 0 0 0 0
180 Avances à Moyen Terme Irrévocables : Guichet B 38 659 655 408 0 0 0 38 659 655 408 0 0 0
190 Créances Impayées 0 0 0 0 0 0 0 0
200 CREANCES SUR LES TRESORS NATIONAUX 1 524 190 765 264 0 60 069 932 612 75 349 140 819 443 069 932 612 298 569 932 612 420 425 639 353 226 706 187 256
210 Avances en Comptes Courants (Art. 18) 1 436 054 761 367 0 60 000 000 000 22 221 181 888 443 000 000 000 298 500 000 000 420 355 706 741 191 977 872 738
220 Avances Exceptionnelles 4 268 887 515 0 69 932 612 3 919 224 455 69 932 612 69 932 612 69 932 612 69 932 612
230 Crédits à l'Economie Consolidés sur l'Etat 83 867 116 382 0 0 49 208 734 476 0 0 0 34 658 381 906
184 786 099 440
239 CONTREPARTIE DES ALLOCATIONS DE DTS VERSEES AUX ETATS 114 459 501 102 35 810 001 213 0 0 0 34 516 597 125
240 VALEURS IMMOBILISEES 253 047 143 040 221 688 513 826 7 531 598 989 2 628 979 469 5 043 743 336 5 269 128 772 6 361 123 941 4 524 054 707
250 Immobilisations Financières 58 592 113 744 37 788 011 023 6 440 955 660 2 043 168 974 3 777 796 367 2 412 833 784 2 715 253 351 3 414 094 585
260 Créances sur le Personnel 33 903 912 145 13 168 981 512 6 409 864 863 2 038 712 799 3 767 742 021 2 412 621 584 2 715 253 351 3 390 736 015
270 Créances sur les Autres Banques Centrales 0 0 0 0 0 0 0 0
280 Titres de Participations 24 141 810 673 24 141 810 673 0 0 0 0 0 0
290 Autres Immobilisations Financières 546 390 926 477 218 838 31 090 797 4 456 175 10 054 346 212 200 0 23 358 570
300 Immobilisations Incorporelles 12 209 507 154 12 207 671 554 0 959 600 0 876 000 0 0
310 Immobilisations Corporelles 177 601 483 640 167 052 006 747 1 090 643 329 581 636 895 1 265 946 969 2 855 418 988 3 645 870 590 1 109 960 122
320 Autres immobilisations 4 644 038 502 4 640 824 502 0 3 214 000 0 0 0 0
330 AUTRES ACTIFS 35 953 875 797 35 953 875 797 0 0 0 0 0 0
340 DEBITEURS DIVERS 30 250 854 817 1 986 296 840 8 057 420 020 2 477 093 962 7 239 631 424 6 648 282 890 444 591 726 3 397 537 955
350 Avances Diverses au Personnel 3 797 793 883 2 941 730 819 288 024 956 54 267 540 124 705 170 189 212 044 47 285 422 152 567 932
360 Autres Débiteurs Divers 191 313 166 -1 120 923 719 -7 810 586 0 8 566 868 1 293 509 289 17 971 314 0
370 Comptes de Régularisations - Actif 26 261 747 768 165 489 740 7 777 205 650 2 422 826 422 7 106 359 386 5 165 561 557 379 334 990 3 244 970 023
380 TOTAL DE L'ACTIF 9 228 503 177 901 636 056 097 895 1 861 652 975 146 264 427 181 561 2 678 211 139 880 1 499 096 869 419 1 566 235 770 589 722 823 143 411
TOTAL ACTIF ANNEE PRECEDENTE 9 345 753 951 434 560 704 912 972 1 701 956 259 671 234 461 946 270 2 563 933 552 875 1 738 067 247 647 1 842 144 512 451 704 485 519 548