Source PDF : Situation_Comptable_de_la_BEAC_au_28_février_2013_8370cac3.pdf
Chemin original : scraping\beac_data\Publications\Situations Comptables\Situation_Comptable_de_la_BEAC_au_28_février_2013_8370cac3.pdf
Date extraction : 15/06/2026 21:22:44
======================================================================

--- Page 1 ---
06/08/2013 09:14
BANQUE DES ETATS DE L'AFRIQUE CENTRALE
SITUATION COMPTABLE : FEVRIER 2013
ACTIF
N°
POSTES OU LIGNES ZONE SCES CX CAMEROUN RCA CONGO GABON GUINEE EQUAT. TCHAD
LIGNES
10 DISPONIBILITES EXTERIEURES 8 271 650 691 992 236 810 443 005 1 652 290 864 963 78 686 047 748 2 880 453 372 516 1 008 176 249 682 2 010 104 268 591 405 129 445 487
15 Avoirs Extérieurs à vue 6 470 026 120 142 236 810 443 005 1 291 879 454 909 61 549 272 150 2 251 559 439 322 738 379 870 956 1 573 014 369 444 316 833 270 356
20 Billets Etrangers 15 773 075 664 307 416 972 2 349 067 296 234 917 880 1 414 702 462 1 419 163 080 9 132 951 309 914 856 665
30 Correspondants Hors Zone d'Emission -49 863 465 557 -49 863 465 557 0 0 0 0 0 0
40 Trésor Français 6 504 116 510 035 286 366 491 590 1 289 530 387 613 61 314 354 270 2 250 144 736 860 736 960 707 876 1 563 881 418 135 315 918 413 691
50 Compte d'Opérations 5 207 164 889 205 286 366 491 590 1 020 549 080 651 48 524 880 439 1 780 790 250 926 583 239 123 423 1 237 673 620 456 250 021 441 721
60 Compte Spécial de Nivellement 1 296 951 620 830 0 268 981 306 962 12 789 473 831 469 354 485 934 153 721 584 453 326 207 797 679 65 896 971 971
70 Autres avoirs extérieurs (SDM) 1 801 624 571 850 0 360 411 410 054 17 136 775 598 628 893 933 194 269 796 378 726 437 089 899 147 88 296 175 131
80 Comptes Courants Chez Correspondants Etrangers 1 801 624 571 850 0 360 411 410 054 17 136 775 598 628 893 933 194 269 796 378 726 437 089 899 147 88 296 175 131
90 Opérations sur le Marché Financier 0 0 0 0 0 0 0 0
100 ENCAISSE–OR 141 821 796 953 81 268 299 486 23 813 018 514 8 845 038 987 8 845 176 520 10 205 442 285 0 8 844 821 161
110 FONDS MONETAIRE INTERNATIONAL 283 480 369 381 1 178 559 231 43 374 211 135 10 601 295 430 67 127 749 499 125 826 254 996 24 773 784 313 10 598 514 777
120 Quotes-Parts en Devises 98 967 153 820 0 31 841 667 290 8 515 163 443 13 974 191 421 25 314 405 536 8 760 847 039 10 560 879 091
130 Avoirs en D.T.S. 184 513 215 561 1 178 559 231 11 532 543 845 2 086 131 987 53 153 558 078 100 511 849 460 16 012 937 274 37 635 686
140 CREANCES SUR LES BANQUES 10 841 000 000 0 5 327 000 000 0 5 514 000 000 0 0 0
150 Concours du Marché Monetaire : Guichet A 5 327 000 000 0 5 327 000 000 0 0 0 0 0
160 Appels d'Offres 5 327 000 000 0 5 327 000 000 0 0 0 0 0
170 Pensions et Autres 0 0 0 0 0 0 0 0
180 Avances à Moyen Terme Irrévocables : Guichet B 5 514 000 000 0 0 0 5 514 000 000 0 0 0
190 Créances Impayées 0 0 0 0 0 0 0 0
200 CREANCES SUR LES TRESORS NATIONAUX 562 387 706 734 0 278 028 252 71 734 353 334 278 028 252 242 778 028 252 278 028 250 247 041 240 394
210 Avances en Comptes Courants (Art. 18) 476 787 991 532 0 0 20 850 146 608 0 242 500 000 000 0 213 437 844 924
220 Avances Exceptionnelles 5 016 620 602 0 278 028 252 3 626 479 344 278 028 252 278 028 252 278 028 250 278 028 252
230 Crédits à l'Economie Consolidés sur l'Etat 80 583 094 600 0 0 47 257 727 382 0 0 0 33 325 367 218
239 CONTREPARTIE DES ALLOCATIONS DE DTS VERSEES AUX ETATS 166 858 480 043 104 188 364 859 31 250 898 954 0 0 0 31 419 216 230
240 VALEURS IMMOBILISEES 239 388 058 530 214 769 913 333 8 080 680 105 2 623 950 238 4 633 133 291 2 964 697 459 2 186 946 934 4 128 737 170
250 Immobilisations Financières 50 446 897 115 33 642 769 280 6 197 218 698 1 685 189 289 2 757 542 865 1 972 771 641 1 783 686 108 2 407 719 234
260 Créances sur le Personnel 27 444 857 997 10 710 272 650 6 166 284 501 1 680 153 114 2 747 541 519 1 972 559 441 1 783 686 108 2 384 360 664
270 Créances sur les Autres Banques Centrales 0 0 0 0 0 0 0 0
280 Titres de Participations 20 626 480 673 20 626 480 673 0 0 0 0 0 0
290 Autres Immobilisations Financières 2 375 558 445 2 306 015 957 30 934 197 5 036 175 10 001 346 212 200 0 23 358 570
300 Immobilisations Incorporelles 10 654 806 093 10 654 806 093 0 0 0 0 0 0
310 Immobilisations Corporelles 178 194 507 898 170 380 584 436 1 883 461 407 938 760 949 1 875 496 526 991 925 818 403 260 826 1 721 017 936
320 Autres immobilisations 91 847 424 91 753 524 0 0 93 900 0 0 0
330 AUTRES ACTIFS 33 737 939 203 33 737 939 203 0 0 0 0 0
340 DEBITEURS DIVERS 24 760 317 609 2 341 451 867 7 185 029 254 2 984 907 795 3 003 875 324 6 082 416 612 273 074 568 2 889 562 189
350 Avances Diverses au Personnel 3 652 112 131 2 667 278 333 213 478 662 56 771 302 321 782 839 181 274 873 47 733 868 163 792 254
360 Autres Débiteurs Divers 664 699 529 -455 399 175 -275 072 9 590 17 089 837 1 031 682 072 69 076 921 2 515 356
370 Comptes de Régularisations - Actif 20 443 505 949 129 572 709 6 971 825 664 2 928 126 903 2 665 002 648 4 869 459 667 156 263 779 2 723 254 579
380 TOTAL DE L'ACTIF 9 734 926 360 445 570 106 606 125 1 844 537 197 082 206 726 492 486 2 969 855 335 402 1 396 033 089 286 2 037 616 102 656 710 051 537 408
TOTAL ACTIF ANNEE PRECEDENTE 9 210 664 561 466 585 891 148 246 1 696 939 994 169 202 362 621 133 2 703 508 980 638 1 363 889 243 082 1 987 985 658 471 670 086 915 727

--- Page 2 ---
06/08/2013 09:14
BANQUE DES ETATS DE L'AFRIQUE CENTRALE
SITUATION COMPTABLE : FEVRIER 2013
PASSIF
N° LIGNE POSTES OU LIGNES ZONE SCES CX CAMEROUN RCA CONGO GABON GUINEE EQUAT. TCHAD
10 BILLETS ET PIECES EN CIRCULATION 2 377 605 632 565 615 876 273 588 109 124 452 100 591 248 633 473 394 219 505 779 258 452 503 987 408 684 263 638
20 TRESORS ET COMPTABLES PUBLICS NATIONAUX 3 140 006 616 091 92 276 510 311 154 908 380 10 629 500 317 1 449 897 860 713 362 506 561 094 882 092 049 179 123 633 459 898
30 Comptes courants 553 108 329 075 0 81 760 555 376 8 705 911 197 192 220 221 886 67 035 383 523 159 605 939 876 43 780 317 217
40 Fonds de Stabilisation des Recettes Budgétaires 561 189 710 503 0 0 0 218 061 956 770 0 327 513 174 724 15 614 579 009
50 Fonds de Réserves Pour Générations Futures 1 302 549 646 594 0 0 0 1 026 060 509 577 201 219 911 373 75 269 225 644 0
60 Dépôts spéciaux 723 158 929 919 92 276 510 229 394 353 004 1 923 589 120 13 555 172 480 94 251 266 198 319 703 708 935 64 238 563 672
70 BANQUES ET INSTITUTIONS FINANCIERES 3 248 521 350 225 0 870 998 522 998 12 777 711 340 849 489 028 357 526 307 241 665 864 451 249 797 124 497 596 068
80 Banques et Institutions Etrangères 97 142 332 202 0 33 970 120 388 9 623 228 376 13 675 941 402 25 611 127 235 4 156 938 493 10 104 976 308
90 Banques et Institutions Financières de la Zone 3 151 379 018 023 0 837 028 402 610 3 154 482 964 835 813 086 955 500 696 114 430 860 294 311 304 114 392 619 760
100 Comptes courants 2 177 880 696 520 0 564 027 402 610 3 154 482 964 601 956 765 452 300 229 114 430 636 132 311 304 72 380 619 760
110 Dépôts et placements sur marché monétaire 55 321 503 0 0 0 55 321 503 0 0 0
120 Comptes de Réserves Obligatoires 973 443 000 000 0 273 001 000 000 0 233 801 000 000 200 467 000 000 224 162 000 000 42 012 000 000
130 Autres Comptes des Etablissements de Crédit 0 0 0 0 0 0 0 0
140 AUTRES COMPTES COURANTS 79 608 054 890 10 284 653 318 25 783 634 555 3 664 188 808 22 900 527 955 5 062 884 681 10 573 033 064 1 339 132 509
150 FMI : ALLOCATION DES D.T.S. 410 176 675 729 0 134 163 732 165 40 392 165 604 60 312 044 616 111 044 018 352 23 682 044 411 40 582 670 581
160 EMPRUNTS ET DETTES A LONG ET MOYEN TERME 10 512 689 265 10 512 689 265 0 0 0 0 0 0
170 AUTRES PASSIFS 0 0 0 0 0 0 0 0
180 PROVISIONS 14 837 514 150 14 837 514 150 0 0 0 0 0 0
190 REPORT A NOUVEAU 0 0 0 0 0 0 0 0
200 RESERVES 323 952 417 824 411 519 970 985 -112 468 246 972 23 897 716 245 -2 307 550 546 -4 150 364 654 -1 911 356 753 9 372 249 519
210 CAPITAL ET PRIME D'AUGMENTATION 91 507 313 350 91 507 313 350 0 0 0 0 0 0
220 CREDITEURS DIVERS 16 139 468 025 6 056 512 382 179 320 775 6 682 824 970 372 646 037 353 674 489 200 489 809 2 293 999 563
230 TRANSFERTS NON DENOUES 54 241 406 13 167 590 5 968 099 2 504 870 6 273 291 26 327 556 0 0
240 COMPTES DE REGULARISATIONS - PASSIF 1 520 583 279 936 660 332 64 281 286 702 180 381 572 940 3 645 157 80 441 818 53 279 566
250 RESULTAT EN INSTANCE D'AFFECTATION 17 950 874 583 17 950 874 583 0 0 0 0 0 0
260 COMPTE DE RESULTAT 2 532 929 063 6 394 973 660 -1 221 197 792 -445 273 948 -2 445 701 434 659 595 167 -4 352 656 -405 113 934
270 TOTAL DU PASSIF 9 734 926 360 445 570 106 606 125 1 844 537 197 082 206 726 492 486 2 969 855 335 402 1 396 033 089 286 2 037 616 102 656 710 051 537 408
TOTAL PASSIF ANNEE PRECEDENTE 9 210 664 561 466 585 891 148 246 1 696 939 994 169 202 362 621 133 2 703 508 980 638 1 363 889 243 082 1 987 985 658 471 670 086 915 727
TAUX DE COUVERTURE 98,2 94,28 72,05 101,47 88,83 100,96 64,51
TAUX DE COUVERTURE DU MOIS ANTERIEUR 100,55 96,45 71,65 100,41 91,91 103,73 78,78