Source PDF : Situation_Comptable_de_la_BEAC_Février_2014_13cc2a79.pdf
Chemin original : scraping\beac_data\Publications\Situations Comptables\Situation_Comptable_de_la_BEAC_Février_2014_13cc2a79.pdf
Date extraction : 15/06/2026 21:22:08
======================================================================

--- Page 1 ---
06/06/2017 07:36
BANQUE DES ETATS DE L'AFRIQUE CENTRALE
SITUATION COMPTABLE : FEVRIER 2014
ACTIF
N°
POSTES OU LIGNES ZONE SCES CX CAMEROUN RCA CONGO GABON GUINEE EQUAT. TCHAD
LIGNES
10 DISPONIBILITES EXTERIEURES 7 989 362 068 542 227 931 258 391 1 635 935 020 350 87 343 635 350 2 288 337 053 217 1 380 111 302 747 1 947 686 446 615 422 017 351 872
15 Avoirs Extérieurs à vue 3 748 834 703 517 227 931 258 391 742 326 569 690 39 693 950 217 1 038 007 306 402 623 463 912 383 885 511 657 722 191 900 048 713
20 Billets Etrangers 10 380 395 000 129 823 614 1 496 598 684 190 838 054 1 443 977 802 1 058 904 596 4 934 803 868 1 125 448 382
30 Correspondants Hors Zone d'Emission -32 791 869 033 -32 791 869 033 0 0 0 0 0 0
40 Trésor Français 3 771 246 177 550 260 593 303 810 740 829 971 006 39 503 112 163 1 036 563 328 600 622 405 007 787 880 576 853 854 190 774 600 331
50 Compte d'Opérations 3 740 631 975 605 260 593 303 810 734 369 657 453 39 158 630 296 1 027 524 109 910 616 977 404 066 872 897 895 380 189 110 974 689
60 Compte Spécial de Nivellement 30 614 201 945 0 6 460 313 553 344 481 866 9 039 218 690 5 427 603 721 7 678 958 473 1 663 625 642
70 Autres avoirs extérieurs (SDM) 4 240 527 365 025 0 893 608 450 660 47 649 685 133 1 250 329 746 815 756 647 390 364 1 062 174 788 893 230 117 303 159
80 Comptes Courants Chez Correspondants Etrangers 4 240 527 365 025 0 893 608 450 660 47 649 685 133 1 250 329 746 815 756 647 390 364 1 062 174 788 893 230 117 303 159
90 Opérations sur le Marché Financier 0 0 0 0 0 0 0 0
100 ENCAISSE–OR 112 466 788 843 64 446 967 070 18 884 076 937 7 014 247 129 7 014 356 193 8 093 067 124 0 7 014 074 390
110 FONDS MONETAIRE INTERNATIONAL 276 081 258 692 2 048 188 636 42 054 943 289 10 291 700 547 65 175 258 853 122 166 545 193 24 051 909 758 10 292 712 416
120 Quotes-Parts en Devises 96 089 129 734 0 30 915 692 541 8 267 537 392 13 567 813 568 24 578 247 467 8 506 076 362 10 253 762 404
130 Avoirs en D.T.S. 179 992 128 958 2 048 188 636 11 139 250 748 2 024 163 155 51 607 445 285 97 588 297 726 15 545 833 396 38 950 012
140 CREANCES SUR LES BANQUES 20 352 225 694 0 5 350 000 000 7 000 000 7 995 225 694 0 0 7 000 000 000
150 Concours du Marché Monetaire : Guichet A 12 357 000 000 0 5 350 000 000 7 000 000 0 0 0 7 000 000 000
160 Appels d'Offres 7 257 000 000 0 2 750 000 000 7 000 000 0 0 0 4 500 000 000
170 Pensions et Autres 5 100 000 000 0 2 600 000 000 0 0 0 0 2 500 000 000
180 Avances à Moyen Terme Irrévocables : Guichet B 7 995 225 694 0 0 0 7 995 225 694 0 0 0
190 Créances Impayées 0 0 0 0 0 0 0 0
200 CREANCES SUR LES TRESORS NATIONAUX 557 897 427 898 0 197 045 414 73 952 395 137 197 045 414 257 697 045 414 197 045 412 225 656 851 107
210 Avances en Comptes Courants (Art. 18) 469 821 163 408 0 0 21 519 739 621 0 257 500 000 000 0 190 801 423 787
220 Avances Exceptionnelles 4 859 483 806 0 197 045 414 3 874 256 738 197 045 414 197 045 414 197 045 412 197 045 414
230 Crédits à l'Economie Consolidés sur l'Etat 83 216 780 684 0 0 48 558 398 778 0 0 0 34 658 381 906
162 006 135 548
239 CONTREPARTIE DES ALLOCATIONS DE DTS VERSEES AUX ETATS 101 158 504 831 30 342 104 104 0 0 0 30 505 526 613
240 VALEURS IMMOBILISEES 251 889 483 030 222 741 269 670 7 325 928 406 2 245 727 033 4 637 250 523 5 783 162 848 5 118 073 971 4 038 070 579
250 Immobilisations Financières 56 388 639 319 38 249 943 597 6 158 290 979 1 521 220 918 3 177 422 918 2 256 237 699 2 224 400 598 2 801 122 610
260 Créances sur le Personnel 29 873 848 334 11 804 746 100 6 127 305 782 1 516 184 743 3 167 421 572 2 256 025 499 2 224 400 598 2 777 764 040
270 Créances sur les Autres Banques Centrales 0 0 0 0 0 0 0 0
280 Titres de Participations 24 141 810 673 24 141 810 673 0 0 0 0 0 0
290 Autres Immobilisations Financières 2 372 980 312 2 303 386 824 30 985 197 5 036 175 10 001 346 212 200 0 23 358 570
300 Immobilisations Incorporelles 10 816 465 644 10 816 020 644 0 0 0 0 445 000 0
310 Immobilisations Corporelles 182 241 199 540 171 232 126 902 1 167 637 427 724 506 115 1 459 827 605 3 526 925 149 2 893 228 373 1 236 947 969
320 Autres immobilisations 2 443 178 527 2 443 178 527 0 0 0 0 0 0
330 AUTRES ACTIFS 37 253 290 372 37 253 290 372 0 0 0 0 0
340 DEBITEURS DIVERS 24 239 054 143 1 923 310 846 6 902 150 603 3 028 660 496 2 787 372 529 6 664 506 896 184 899 599 2 748 153 174
350 Avances Diverses au Personnel 3 884 564 314 2 910 056 287 242 200 119 207 358 215 135 176 054 203 842 244 37 818 327 148 113 068
360 Autres Débiteurs Divers 72 826 790 -1 069 587 852 11 827 0 14 770 286 1 087 821 442 39 811 087 0
370 Comptes de Régularisations - Actif 20 281 663 039 82 842 411 6 659 938 657 2 821 302 281 2 637 426 189 5 372 843 210 107 270 185 2 600 040 106
380 TOTAL DE L'ACTIF 9 431 547 732 762 556 344 284 985 1 817 807 669 830 214 225 469 796 2 376 143 562 423 1 780 515 630 222 1 977 238 375 355 709 272 740 151
TOTAL ACTIF ANNEE PRECEDENTE 9 734 926 360 445 570 106 606 125 1 844 537 197 082 206 726 492 486 2 969 855 335 402 1 396 033 089 286 2 037 616 102 656 710 051 537 408