Source PDF : Situation_Comptable_de_la_BEAC_Septembre_2013_92f24739.pdf
Chemin original : scraping\beac_data\Publications\Situations Comptables\Situation_Comptable_de_la_BEAC_Septembre_2013_92f24739.pdf
Date extraction : 15/06/2026 21:22:25
======================================================================

--- Page 1 ---
06/06/2017 07:26
BANQUE DES ETATS DE L'AFRIQUE CENTRALE
SITUATION COMPTABLE : SEPTEMBRE 2013
ACTIF
N°
POSTES OU LIGNES ZONE SCES CX CAMEROUN RCA CONGO GABON GUINEE EQUAT. TCHAD
LIGNES
10 DISPONIBILITES EXTERIEURES 8 158 140 976 312 251 355 191 710 1 669 801 133 739 79 833 602 960 2 416 228 883 255 1 101 109 254 359 2 113 688 404 974 526 124 505 315
15 Avoirs Extérieurs à vue 4 521 169 643 690 251 355 191 710 911 560 336 066 43 710 693 761 1 318 165 241 906 555 000 807 117 1 153 919 428 339 287 457 944 790
20 Billets Etrangers 11 152 364 413 525 785 575 2 519 989 997 403 370 913 1 717 557 791 1 389 661 455 3 270 814 672 1 325 184 010
30 Correspondants Hors Zone d'Emission -9 509 148 023 -9 509 148 023 0 0 0 0 0 0
40 Trésor Français 4 519 526 427 300 260 338 554 158 909 040 346 069 43 307 322 848 1 316 447 684 115 553 611 145 662 1 150 648 613 667 286 132 760 780
50 Compte d'Opérations 4 443 475 264 688 260 338 554 158 892 808 710 951 42 534 040 952 1 292 941 472 872 543 725 980 330 1 130 102 871 635 281 023 633 789
60 Compte Spécial de Nivellement 76 051 162 612 0 16 231 635 118 773 281 896 23 506 211 243 9 885 165 332 20 545 742 032 5 109 126 991
70 Autres avoirs extérieurs (SDM) 3 636 971 332 622 0 758 240 797 673 36 122 909 199 1 098 063 641 349 546 108 447 242 959 768 976 635 238 666 560 525
80 Comptes Courants Chez Correspondants Etrangers 3 636 971 332 622 0 758 240 797 673 36 122 909 199 1 098 063 641 349 546 108 447 242 959 768 976 635 238 666 560 525
90 Opérations sur le Marché Financier 0 0 0 0 0 0 0 0
100 ENCAISSE–OR 114 982 712 564 65 888 669 592 19 306 520 731 7 171 158 435 7 171 269 940 8 274 112 034 0 7 170 981 832
110 FONDS MONETAIRE INTERNATIONAL 279 192 496 715 1 299 646 241 42 662 437 956 10 438 782 252 66 087 888 680 123 877 207 107 24 389 455 587 10 437 078 892
120 Quotes-Parts en Devises 97 434 637 330 0 31 348 595 818 8 383 305 267 13 757 799 639 24 922 409 380 8 625 184 427 10 397 342 799
130 Avoirs en D.T.S. 181 757 859 385 1 299 646 241 11 313 842 138 2 055 476 985 52 330 089 041 98 954 797 727 15 764 271 160 39 736 093
140 CREANCES SUR LES BANQUES 16 649 475 694 0 5 399 000 000 0 9 250 475 694 0 0 2 000 000 000
150 Concours du Marché Monetaire : Guichet A 7 399 000 000 0 5 399 000 000 0 0 0 0 2 000 000 000
160 Appels d'Offres 7 399 000 000 0 5 399 000 000 0 0 0 0 2 000 000 000
170 Pensions et Autres 0 0 0 0 0 0 0 0
180 Avances à Moyen Terme Irrévocables : Guichet B 9 250 475 694 0 0 0 9 250 475 694 0 0 0
190 Créances Impayées 0 0 0 0 0 0 0 0
200 CREANCES SUR LES TRESORS NATIONAUX 543 319 629 926 0 184 890 724 73 349 661 853 184 890 724 242 684 890 724 184 890 722 226 730 405 179
210 Avances en Comptes Courants (Art. 18) 456 313 913 034 0 0 21 260 273 141 0 242 500 000 000 0 192 553 639 893
220 Avances Exceptionnelles 4 780 611 401 0 184 890 724 3 856 157 783 184 890 724 184 890 724 184 890 722 184 890 724
230 Crédits à l'Economie Consolidés sur l'Etat 82 225 105 491 0 0 48 233 230 929 0 0 0 33 991 874 562
CONTREPARTIE DES ALLOCATIONS DE DTS VERSEES AUX ETATS 164 274 659 433
239 102 574 997 384 30 766 975 592 0 0 0 30 932 686 457
240 VALEURS IMMOBILISEES 245 568 289 114 221 233 932 580 7 431 687 215 2 375 820 418 4 659 863 098 3 197 888 677 2 545 918 958 4 123 178 168
250 Immobilisations Financières 54 012 527 395 36 194 786 347 6 086 482 697 1 528 715 340 3 001 914 144 2 311 042 185 2 160 921 489 2 728 665 193
260 Créances sur le Personnel 29 160 217 618 11 412 070 058 6 055 497 500 1 523 679 165 2 991 912 798 2 310 829 985 2 160 921 489 2 705 306 623
270 Créances sur les Autres Banques Centrales 0 0 0 0 0 0 0 0
280 Titres de Participations 22 476 329 465 22 476 329 465 0 0 0 0 0 0
290 Autres Immobilisations Financières 2 375 980 312 2 306 386 824 30 985 197 5 036 175 10 001 346 212 200 0 23 358 570
300 Immobilisations Incorporelles 11 025 523 343 11 025 523 343 0 0 0 0 0 0
310 Immobilisations Corporelles 179 350 097 602 172 833 482 116 1 345 204 518 847 105 078 1 657 948 954 886 846 492 384 997 469 1 394 512 975
320 Autres immobilisations 1 180 140 774 1 180 140 774 0 0 0 0 0 0
330 AUTRES ACTIFS 34 549 313 180 34 549 313 180 0 0 0 0 0 0
340 DEBITEURS DIVERS 24 907 461 050 2 937 195 592 6 731 997 703 3 039 259 915 2 765 200 321 6 411 799 729 201 416 671 2 820 591 119
350 Avances Diverses au Personnel 4 245 202 038 3 097 773 656 253 924 616 237 764 480 200 664 786 183 829 784 33 697 137 237 547 579
360 Autres Débiteurs Divers 917 119 356 -369 243 632 -675 072 9 590 17 089 837 1 198 346 356 69 076 921 2 515 356
370 Comptes de Régularisations - Actif 19 745 139 656 208 665 568 6 478 748 159 2 801 485 845 2 547 445 698 5 029 623 589 98 642 613 2 580 528 184
380 TOTAL DE L'ACTIF 9 581 585 013 988 577 263 948 895 1 854 092 665 452 206 975 261 425 2 506 348 471 712 1 485 555 152 630 2 141 010 086 912 810 339 426 962
TOTAL ACTIF ANNEE PRECEDENTE 9 976 056 156 182 611 431 738 108 1 727 932 792 912 211 842 440 450 3 004 226 090 492 1 453 096 091 454 2 182 685 041 997 784 841 960 769