Source PDF : Situation_Comptable_de_la_BEAC_Août_2013_c0130055.pdf
Chemin original : scraping\beac_data\Publications\Situations Comptables\Situation_Comptable_de_la_BEAC_Août_2013_c0130055.pdf
Date extraction : 15/06/2026 21:22:27
======================================================================

--- Page 1 ---
06/06/2017 07:25
BANQUE DES ETATS DE L'AFRIQUE CENTRALE
SITUATION COMPTABLE : AOÛT 2013
ACTIF
N°
POSTES OU LIGNES ZONE SCES CX CAMEROUN RCA CONGO GABON GUINEE EQUAT. TCHAD
LIGNES
10 DISPONIBILITES EXTERIEURES 8 356 542 214 835 249 035 182 792 1 658 994 953 820 85 318 916 167 2 512 666 492 685 1 136 402 136 993 2 346 020 988 184 368 103 544 194
15 Avoirs Extérieurs à vue 4 691 006 863 893 249 035 182 792 918 895 900 145 47 438 116 699 1 390 528 676 066 581 593 762 471 1 299 289 591 026 204 225 634 694
20 Billets Etrangers 12 430 440 914 459 743 853 2 928 618 414 555 520 144 1 739 289 649 1 515 969 254 3 825 547 671 1 405 751 929
30 Correspondants Hors Zone d'Emission -54 635 359 203 -54 635 359 203 0 0 0 0 0 0
40 Trésor Français 4 733 211 782 182 303 210 798 142 915 967 281 731 46 882 596 555 1 388 789 386 417 580 077 793 217 1 295 464 043 355 202 819 882 765
50 Compte d'Opérations 4 699 455 415 016 303 210 798 142 908 987 659 933 46 525 355 653 1 378 206 887 322 575 657 631 394 1 285 592 676 489 201 274 406 083
60 Compte Spécial de Nivellement 33 756 367 166 0 6 979 621 798 357 240 902 10 582 499 094 4 420 161 823 9 871 366 866 1 545 476 681
70 Autres avoirs extérieurs (SDM) 3 665 535 350 942 0 740 099 053 675 37 880 799 468 1 122 137 816 619 554 808 374 522 1 046 731 397 158 163 877 909 500
80 Comptes Courants Chez Correspondants Etrangers 3 665 535 350 942 0 740 099 053 675 37 880 799 468 1 122 137 816 619 554 808 374 522 1 046 731 397 158 163 877 909 500
90 Opérations sur le Marché Financier 0 0 0 0 0 0 0 0
100 ENCAISSE–OR 123 440 673 141 70 735 343 995 20 726 680 228 7 698 658 387 7 698 778 094 8 882 743 644 0 7 698 468 793
110 FONDS MONETAIRE INTERNATIONAL 281 395 186 878 1 309 899 805 42 999 023 407 10 521 139 059 66 609 289 306 124 854 536 758 24 581 876 281 10 519 422 262
120 Quotes-Parts en Devises 98 203 348 237 0 31 595 920 673 8 449 445 382 13 866 341 847 25 119 034 814 8 693 232 850 10 479 372 671
130 Avoirs en D.T.S. 183 191 838 641 1 309 899 805 11 403 102 734 2 071 693 677 52 742 947 459 99 735 501 944 15 888 643 431 40 049 591
140 CREANCES SUR LES BANQUES 13 830 475 694 0 1 780 000 000 0 9 250 475 694 0 0 2 800 000 000
150 Concours du Marché Monetaire : Guichet A 4 580 000 000 0 1 780 000 000 0 0 0 0 2 800 000 000
160 Appels d'Offres 4 580 000 000 0 1 780 000 000 0 0 0 0 2 800 000 000
170 Pensions et Autres 0 0 0 0 0 0 0 0
180 Avances à Moyen Terme Irrévocables : Guichet B 9 250 475 694 0 0 0 9 250 475 694 0 0 0
190 Créances Impayées 0 0 0 0 0 0 0 0
200 CREANCES SUR LES TRESORS NATIONAUX 542 392 146 690 0 184 890 724 72 962 439 576 184 890 724 242 684 890 724 184 890 722 226 190 144 220
210 Avances en Comptes Courants (Art. 18) 455 720 464 541 0 0 21 207 085 607 0 242 500 000 000 0 192 013 378 934
220 Avances Exceptionnelles 4 771 744 507 0 184 890 724 3 847 290 889 184 890 724 184 890 724 184 890 722 184 890 724
230 Crédits à l'Economie Consolidés sur l'Etat 81 899 937 642 0 0 47 908 063 080 0 0 0 33 991 874 562
CONTREPARTIE DES ALLOCATIONS DE DTS VERSEES AUX ETATS 165 570 704 924
239 103 384 263 179 31 009 711 752 0 0 0 31 176 729 993
240 VALEURS IMMOBILISEES 242 946 614 522 218 445 603 274 7 542 030 919 2 440 720 084 4 675 965 761 3 161 538 260 2 514 125 228 4 166 630 996
250 Immobilisations Financières 53 704 495 981 35 955 344 434 6 128 666 576 1 558 211 967 2 966 628 202 2 253 598 213 2 121 688 459 2 720 358 130
260 Créances sur le Personnel 28 852 186 204 11 172 628 145 6 097 681 379 1 553 175 792 2 956 626 856 2 253 386 013 2 121 688 459 2 696 999 560
270 Créances sur les Autres Banques Centrales 0 0 0 0 0 0 0 0
280 Titres de Participations 22 476 329 465 22 476 329 465 0 0 0 0 0 0
290 Autres Immobilisations Financières 2 375 980 312 2 306 386 824 30 985 197 5 036 175 10 001 346 212 200 0 23 358 570
300 Immobilisations Incorporelles 11 083 674 600 11 083 674 600 0 0 0 0 0 0
310 Immobilisations Corporelles 177 143 405 647 170 391 545 946 1 413 364 343 882 508 117 1 709 337 559 907 940 047 392 436 769 1 446 272 866
320 Autres immobilisations 1 015 038 294 1 015 038 294 0 0 0 0 0 0
330 AUTRES ACTIFS 35 572 661 490 35 572 661 490 0 0 0 0 0 0
340 DEBITEURS DIVERS 24 146 554 928 2 756 260 943 6 640 472 842 3 055 189 328 2 798 390 323 5 923 842 817 195 653 136 2 776 745 539
350 Avances Diverses au Personnel 4 234 246 738 2 992 794 548 265 916 906 265 015 352 285 262 142 187 554 196 32 862 679 204 840 915
360 Autres Débiteurs Divers 888 364 356 -366 106 314 -675 072 9 590 17 089 837 1 166 454 038 69 076 921 2 515 356
370 Comptes de Régularisations - Actif 19 023 943 834 129 572 709 6 375 231 008 2 790 164 386 2 496 038 344 4 569 834 583 93 713 536 2 569 389 268
380 TOTAL DE L'ACTIF 9 785 837 233 102 577 854 952 299 1 842 252 315 119 213 006 774 353 2 603 884 282 587 1 521 909 689 196 2 373 497 533 551 653 431 685 997
TOTAL ACTIF ANNEE PRECEDENTE 9 593 970 992 492 602 936 748 849 1 763 912 379 782 210 330 653 340 2 915 766 503 280 1 458 803 783 520 1 863 552 652 418 778 668 271 303