Source PDF : Situation_Comptable_de_la_BEAC_Juillet_2013_8c4620cd.pdf
Chemin original : scraping\beac_data\Publications\Situations Comptables\Situation_Comptable_de_la_BEAC_Juillet_2013_8c4620cd.pdf
Date extraction : 15/06/2026 21:22:30
======================================================================

--- Page 1 ---
06/06/2017 07:24
BANQUE DES ETATS DE L'AFRIQUE CENTRALE
SITUATION COMPTABLE : JUILLET 2013
ACTIF
N°
POSTES OU LIGNES ZONE SCES CX CAMEROUN RCA CONGO GABON GUINEE EQUAT. TCHAD
LIGNES
10 DISPONIBILITES EXTERIEURES 8 595 520 662 752 247 374 827 943 1 630 607 194 446 82 659 968 836 2 628 154 797 449 1 142 734 808 227 2 440 889 261 870 423 099 803 981
15 Avoirs Extérieurs à vue 5 464 266 256 745 247 374 827 943 1 029 429 848 477 52 404 085 155 1 658 636 502 821 667 292 393 423 1 541 654 133 204 267 474 465 722
20 Billets Etrangers 13 174 397 828 585 697 448 2 057 350 078 698 512 210 1 793 327 395 1 597 990 108 4 920 510 455 1 521 010 134
30 Correspondants Hors Zone d'Emission -40 628 572 552 -40 628 572 552 0 0 0 0 0 0
40 Trésor Français 5 491 720 431 469 287 417 703 047 1 027 372 498 399 51 705 572 945 1 656 843 175 426 665 694 403 315 1 536 733 622 749 265 953 455 588
50 Compte d'Opérations 5 088 313 436 039 287 417 703 047 947 736 605 753 47 697 680 231 1 528 414 425 827 614 093 676 100 1 417 615 042 100 245 338 302 981
60 Compte Spécial de Nivellement 403 406 995 430 0 79 635 892 647 4 007 892 714 128 428 749 599 51 600 727 215 119 118 580 649 20 615 152 606
70 Autres avoirs extérieurs (SDM) 3 131 254 406 007 0 601 177 345 969 30 255 883 681 969 518 294 628 475 442 414 804 899 235 128 666 155 625 338 259
80 Comptes Courants Chez Correspondants Etrangers 3 131 254 406 007 0 601 177 345 969 30 255 883 681 969 518 294 628 475 442 414 804 899 235 128 666 155 625 338 259
90 Opérations sur le Marché Financier 0 0 0 0 0 0 0 0
100 ENCAISSE–OR 116 066 117 324 66 509 494 207 19 488 433 091 7 238 727 437 7 238 839 993 8 352 073 426 0 7 238 549 170
110 FONDS MONETAIRE INTERNATIONAL 281 701 578 489 2 212 554 827 42 830 335 553 10 482 072 429 66 907 875 710 124 312 561 606 24 475 430 192 10 480 748 172
120 Quotes-Parts en Devises 97 777 061 968 0 31 458 767 436 8 412 767 585 13 806 150 099 25 009 996 784 8 655 496 806 10 433 883 258
130 Avoirs en D.T.S. 183 924 516 521 2 212 554 827 11 371 568 117 2 069 304 844 53 101 725 611 99 302 564 822 15 819 933 386 46 864 914
140 CREANCES SUR LES BANQUES 13 427 475 694 0 477 000 000 0 9 250 475 694 0 0 3 700 000 000
150 Concours du Marché Monetaire : Guichet A 4 177 000 000 0 477 000 000 0 0 0 0 3 700 000 000
160 Appels d'Offres 4 177 000 000 0 477 000 000 0 0 0 0 3 700 000 000
170 Pensions et Autres 0 0 0 0 0 0 0 0
180 Avances à Moyen Terme Irrévocables : Guichet B 9 250 475 694 0 0 0 9 250 475 694 0 0 0
190 Créances Impayées 0 0 0 0 0 0 0 0
200 CREANCES SUR LES TRESORS NATIONAUX 541 778 916 580 0 184 890 724 72 907 479 124 184 890 724 242 684 890 724 184 890 722 225 631 874 562
210 Avances en Comptes Courants (Art. 18) 455 107 234 431 0 0 21 152 125 155 0 242 500 000 000 0 191 455 109 276
220 Avances Exceptionnelles 4 771 744 507 0 184 890 724 3 847 290 889 184 890 724 184 890 724 184 890 722 184 890 724
230 Crédits à l'Economie Consolidés sur l'Etat 81 899 937 642 0 0 47 908 063 080 0 0 0 33 991 874 562
CONTREPARTIE DES ALLOCATIONS DE DTS VERSEES AUX ETATS 164 851 986 884 102 935 487 322 30 875 103 161 0 0 0 31 041 396 401
239
240 VALEURS IMMOBILISEES 240 952 330 983 216 841 667 227 7 645 668 887 2 483 520 906 4 593 886 213 2 997 110 196 2 272 694 092 4 117 783 462
250 Immobilisations Financières 51 081 022 740 33 920 004 999 6 156 748 637 1 564 149 576 2 835 770 555 2 063 398 300 1 917 855 465 2 623 095 208
260 Créances sur le Personnel 28 078 561 755 10 987 137 502 6 125 763 440 1 559 113 401 2 825 769 209 2 063 186 100 1 917 855 465 2 599 736 638
270 Créances sur les Autres Banques Centrales 0 0 0 0 0 0 0 0
280 Titres de Participations 20 626 480 673 20 626 480 673 0 0 0 0 0 0
290 Autres Immobilisations Financières 2 375 980 312 2 306 386 824 30 985 197 5 036 175 10 001 346 212 200 0 23 358 570
300 Immobilisations Incorporelles 10 900 319 289 10 900 319 289 0 0 0 0 0 0
310 Immobilisations Corporelles 178 108 765 873 171 159 119 858 1 488 920 250 919 371 330 1 758 115 658 933 711 896 354 838 627 1 494 688 254
320 Autres immobilisations 862 223 081 862 223 081 0 0 0 0 0 0
330 AUTRES ACTIFS 36 761 502 665 36 761 502 665 0 0 0 0 0 0
340 DEBITEURS DIVERS 24 415 407 272 2 454 896 276 6 721 650 316 3 056 940 572 2 748 123 908 6 449 583 350 231 496 080 2 752 716 770
350 Avances Diverses au Personnel 3 814 141 029 2 701 725 076 254 713 306 260 488 316 206 487 936 174 878 393 41 212 908 174 635 094
360 Autres Débiteurs Divers 847 996 051 -376 401 509 -675 072 9 590 17 089 837 1 136 380 928 69 076 921 2 515 356
370 Comptes de Régularisations - Actif 19 753 270 192 129 572 709 6 467 612 082 2 796 442 666 2 524 546 135 5 138 324 029 121 206 251 2 575 566 320
380 TOTAL DE L'ACTIF 10 015 475 978 643 572 154 943 145 1 810 890 660 339 209 703 812 465 2 719 078 889 691 1 527 531 027 529 2 468 053 772 956 708 062 872 518
TOTAL ACTIF ANNEE PRECEDENTE 9 217 188 307 589 609 563 285 491 1 822 468 465 609 206 061 809 412 2 974 961 649 364 1 451 355 379 869 1 333 748 091 134 819 029 626 710