Source PDF : Situation_Comptable_de_la_BEAC_Février_2015_2a4c49b1.pdf
Chemin original : scraping\beac_data\Publications\Situations Comptables\Situation_Comptable_de_la_BEAC_Février_2015_2a4c49b1.pdf
Date extraction : 15/06/2026 21:21:33
======================================================================

--- Page 1 ---
06/06/2017 07:49
BANQUE DES ETATS DE L'AFRIQUE CENTRALE
SITUATION COMPTABLE : FEVRIER 2015
ACTIF
N°
POSTES OU LIGNES ZONE SCES CX CAMEROUN RCA CONGO GABON GUINEE EQUAT. TCHAD
LIGNES
10 DISPONIBILITES EXTERIEURES 7 348 168 923 379 244 874 656 843 1 663 526 010 098 132 268 002 280 2 284 054 311 907 1 210 272 286 894 1 342 034 435 815 471 139 219 542
15 Avoirs Extérieurs à vue 3 151 011 544 186 244 874 656 843 680 191 768 602 54 549 065 539 935 787 877 246 485 958 642 505 554 545 620 579 195 103 912 872
20 Billets Etrangers 29 925 473 548 875 033 556 2 715 770 208 1 000 767 842 6 888 922 671 1 518 904 335 11 998 896 573 4 927 178 363
30 Correspondants Hors Zone d'Emission -65 320 606 521 -65 320 606 521 0 0 0 0 0 0
40 Trésor Français 3 186 406 677 159 309 320 229 808 677 475 998 394 53 548 297 697 928 898 954 575 484 439 738 170 542 546 724 006 190 176 734 509
50 Compte d'Opérations 3 153 264 482 531 309 320 229 808 669 671 899 738 52 931 491 911 918 198 621 131 478 859 296 178 536 296 925 977 187 986 017 787
60 Compte Spécial de Nivellement 33 142 194 628 0 7 804 098 656 616 805 786 10 700 333 444 5 580 441 991 6 249 798 029 2 190 716 722
70 Autres avoirs extérieurs (SDM) 4 197 157 379 193 0 983 334 241 496 77 718 936 741 1 348 266 434 661 724 313 644 389 787 488 815 236 276 035 306 670
80 Comptes Courants Chez Correspondants Etrangers 4 197 157 379 193 0 983 334 241 496 77 718 936 741 1 348 266 434 661 724 313 644 389 787 488 815 236 276 035 306 670
90 Opérations sur le Marché Financier 0 0 0 0 0 0 0 0
100 ENCAISSE–OR 143 030 385 686 89 061 142 484 21 223 721 855 7 883 278 096 7 883 400 674 9 095 758 622 0 7 883 083 955
110 FONDS MONETAIRE INTERNATIONAL 309 415 560 587 4 017 423 796 47 457 431 347 10 042 943 892 72 946 696 122 136 547 519 345 26 881 855 246 11 521 690 839
120 Quotes-Parts en Devises 107 401 008 818 0 34 555 173 685 9 240 814 843 15 165 054 244 27 471 666 985 9 507 435 283 11 460 863 778
130 Avoirs en D.T.S. 202 014 551 769 4 017 423 796 12 902 257 662 802 129 049 57 781 641 878 109 075 852 360 17 374 419 963 60 827 061
140 CREANCES SUR LES BANQUES 192 488 201 694 0 21 200 000 000 0 42 043 201 694 9 000 000 000 100 000 000 000 20 245 000 000
150 Concours du Marché Monetaire : Guichet A 150 445 000 000 0 21 200 000 000 0 0 9 000 000 000 100 000 000 000 20 245 000 000
160 Appels d'Offres 110 445 000 000 0 21 200 000 000 0 0 9 000 000 000 60 000 000 000 20 245 000 000
170 Pensions et Autres 40 000 000 000 0 0 0 0 0 40 000 000 000 0
180 Avances à Moyen Terme Irrévocables : Guichet B 42 043 201 694 0 0 0 42 043 201 694 0 0 0
190 Créances Impayées 0 0 0 0 0 0 0 0
200 CREANCES SUR LES TRESORS NATIONAUX 1 370 297 245 188 0 90 251 286 830 75 176 697 402 350 251 286 830 257 751 286 830 371 375 591 766 225 491 095 530
210 Avances en Comptes Courants (Art. 18) 1 281 289 436 507 0 90 000 000 000 22 083 704 777 350 000 000 000 257 500 000 000 371 124 304 936 190 581 426 794
220 Avances Exceptionnelles 5 140 692 299 0 251 286 830 3 884 258 149 251 286 830 251 286 830 251 286 830 251 286 830
230 Crédits à l'Economie Consolidés sur l'Etat 83 867 116 382 0 0 49 208 734 476 0 0 0 34 658 381 906
182 538 279 139
239 CONTREPARTIE DES ALLOCATIONS DE DTS VERSEES AUX ETATS 113 067 164 824 35 374 392 430 0 0 0 34 096 721 885
240 VALEURS IMMOBILISEES 252 554 013 508 221 545 907 489 7 433 946 696 2 569 614 248 5 000 885 501 5 325 892 884 6 368 986 537 4 308 780 153
250 Immobilisations Financières 57 284 980 889 37 229 593 768 6 316 156 983 1 928 647 376 3 723 056 570 2 373 876 263 2 556 733 833 3 156 916 096
260 Créances sur le Personnel 32 797 826 766 12 811 611 733 6 285 066 186 1 924 191 201 3 713 002 224 2 373 664 063 2 556 733 833 3 133 557 526
270 Créances sur les Autres Banques Centrales 0 0 0 0 0 0 0 0
280 Titres de Participations 24 141 810 673 24 141 810 673 0 0 0 0 0 0
290 Autres Immobilisations Financières 345 343 450 276 171 362 31 090 797 4 456 175 10 054 346 212 200 0 23 358 570
300 Immobilisations Incorporelles 11 666 897 231 11 665 938 431 0 958 800 0 0 0 0
310 Immobilisations Corporelles 179 021 877 152 168 070 117 054 1 117 789 713 640 008 072 1 277 828 931 2 952 016 621 3 812 252 704 1 151 864 057
320 Autres immobilisations 4 580 258 236 4 580 258 236 0 0 0 0 0 0
330 AUTRES ACTIFS 36 055 445 781 36 055 445 781 0 0 0 0 0
340 DEBITEURS DIVERS 16 649 451 285 1 937 274 884 4 441 950 948 2 400 557 635 1 588 208 537 3 917 740 093 85 433 932 2 278 285 256
350 Avances Diverses au Personnel 3 833 041 931 2 912 861 412 326 377 736 67 225 345 111 646 724 206 166 156 45 732 514 163 032 044
360 Autres Débiteurs Divers 142 228 590 -1 142 736 802 -17 161 526 0 8 566 868 1 253 858 632 39 701 418 0
370 Comptes de Régularisations - Actif 12 674 180 764 167 150 274 4 132 734 738 2 333 332 290 1 467 994 945 2 457 715 305 0 2 115 253 212
380 TOTAL DE L'ACTIF 9 851 197 506 247 597 491 851 277 1 968 601 512 598 265 715 485 983 2 763 767 991 265 1 631 910 484 668 1 846 746 303 296 776 963 877 160
TOTAL ACTIF ANNEE PRECEDENTE 9 407 891 470 777 532 688 023 000 1 817 807 669 830 214 225 469 796 2 376 143 562 423 1 780 515 630 222 1 977 238 375 355 709 272 740 151