Source PDF : Situation_Comptable_de_la_BEAC_Août_2014_2c61168b.pdf
Chemin original : scraping\beac_data\Publications\Situations Comptables\Situation_Comptable_de_la_BEAC_Août_2014_2c61168b.pdf
Date extraction : 15/06/2026 21:21:49
======================================================================

--- Page 1 ---
06/06/2017 07:40
BANQUE DES ETATS DE L'AFRIQUE CENTRALE
SITUATION COMPTABLE : AOUT 2014
ACTIF
N°
POSTES OU LIGNES ZONE SCES CX CAMEROUN RCA CONGO GABON GUINEE EQUAT. TCHAD
LIGNES
10 DISPONIBILITES EXTERIEURES 8 016 447 773 979 248 645 335 522 1 446 822 767 282 106 652 358 266 2 730 590 159 967 1 235 314 411 984 1 830 295 332 482 418 127 408 476
15 Avoirs Extérieurs à vue 3 759 320 199 052 248 645 335 522 660 865 294 590 48 981 158 449 1 228 386 012 973 549 617 842 880 833 808 486 342 189 016 068 296
20 Billets Etrangers 60 666 468 482 1 225 721 025 20 885 621 669 2 021 371 338 5 189 908 787 6 484 134 755 22 401 574 365 2 458 136 543
30 Correspondants Hors Zone d'Emission 14 371 977 427 14 371 977 427 0 0 0 0 0 0
40 Trésor Français 3 684 281 753 143 233 047 637 070 639 979 672 921 46 959 787 111 1 223 196 104 186 543 133 708 125 811 406 911 977 186 557 931 753
50 Compte d'Opérations 3 609 289 310 888 233 047 637 070 626 073 447 770 45 939 390 057 1 196 617 071 839 531 331 865 111 793 775 715 731 182 504 183 310
60 Compte Spécial de Nivellement 74 992 442 255 0 13 906 225 151 1 020 397 054 26 579 032 347 11 801 843 014 17 631 196 246 4 053 748 443
70 Autres avoirs extérieurs (SDM) 4 257 127 574 927 0 785 957 472 692 57 671 199 817 1 502 204 146 994 685 696 569 104 996 486 846 140 229 111 340 180
80 Comptes Courants Chez Correspondants Etrangers 4 257 127 574 927 0 785 957 472 692 57 671 199 817 1 502 204 146 994 685 696 569 104 996 486 846 140 229 111 340 180
90 Opérations sur le Marché Financier 0 0 0 0 0 0 0 0
100 ENCAISSE–OR 114 573 643 210 65 654 260 134 19 237 834 703 7 145 645 894 7 145 757 000 8 244 675 559 0 7 145 469 920
110 FONDS MONETAIRE INTERNATIONAL 283 406 663 093 2 106 903 932 43 221 519 568 10 333 622 230 66 892 162 792 125 555 864 974 24 718 378 492 10 578 211 105
120 Quotes-Parts en Devises 98 755 558 694 0 31 773 588 727 8 496 957 735 13 944 314 127 25 260 282 480 8 742 116 051 10 538 299 574
130 Avoirs en D.T.S. 184 651 104 399 2 106 903 932 11 447 930 841 1 836 664 495 52 947 848 665 100 295 582 494 15 976 262 441 39 911 531
140 CREANCES SUR LES BANQUES 64 788 975 694 0 3 920 000 000 0 6 768 975 694 0 30 000 000 000 24 100 000 000
150 Concours du Marché Monetaire : Guichet A 58 020 000 000 0 3 920 000 000 0 0 0 30 000 000 000 24 100 000 000
160 Appels d'Offres 58 020 000 000 0 3 920 000 000 0 0 0 30 000 000 000 24 100 000 000
170 Pensions et Autres 0 0 0 0 0 0 0 0
180 Avances à Moyen Terme Irrévocables : Guichet B 6 768 975 694 0 0 0 6 768 975 694 0 0 0
190 Créances Impayées 0 0 0 0 0 0 0 0
200 CREANCES SUR LES TRESORS NATIONAUX 929 166 670 791 0 209 797 833 74 857 206 606 209 797 833 257 709 797 833 369 572 797 833 226 607 272 853
210 Avances en Comptes Courants (Art. 18) 840 415 326 613 0 0 21 813 233 499 0 257 500 000 000 369 363 000 000 191 739 093 114
220 Avances Exceptionnelles 4 884 227 796 0 209 797 833 3 835 238 631 209 797 833 209 797 833 209 797 833 209 797 833
230 Crédits à l'Economie Consolidés sur l'Etat 83 867 116 382 0 0 49 208 734 476 0 0 0 34 658 381 906
239 CONTREPARTIE DES ALLOCATIONS DE DTS VERSEES AUX ETATS 166 745 276 119 103 965 606 608 31 427 628 627 0 0 0 31 352 040 884
240 VALEURS IMMOBILISEES 255 287 037 983 224 751 525 215 7 207 682 550 2 264 762 491 5 054 046 913 5 293 337 555 6 609 497 375 4 106 185 884
250 Immobilisations Financières 58 383 334 803 39 174 215 969 6 077 296 925 1 588 198 846 3 673 023 839 2 360 648 765 2 505 620 003 3 004 330 456
260 Créances sur le Personnel 31 869 052 818 12 729 018 472 6 046 293 728 1 583 742 671 3 662 969 493 2 360 436 565 2 505 620 003 2 980 971 886
270 Créances sur les Autres Banques Centrales 0 0 0 0 0 0 0 0
280 Titres de Participations 24 141 810 673 24 141 810 673 0 0 0 0 0 0
290 Autres Immobilisations Financières 2 372 471 312 2 303 386 824 31 003 197 4 456 175 10 054 346 212 200 0 23 358 570
300 Immobilisations Incorporelles 10 992 520 392 10 991 561 592 0 958 800 0 0 0 0
310 Immobilisations Corporelles 182 244 328 369 170 918 893 235 1 130 385 625 675 604 845 1 381 023 074 2 932 688 790 4 103 877 372 1 101 855 428
320 Autres immobilisations 3 666 854 419 3 666 854 419 0 0 0 0 0 0
330 AUTRES ACTIFS 36 946 716 828 36 946 716 828 0 0 0 0 0 0
340 DEBITEURS DIVERS 20 444 243 837 1 887 145 489 5 623 765 726 2 627 722 512 2 201 850 744 5 201 012 161 477 460 444 2 425 286 761
350 Avances Diverses au Personnel 3 899 204 771 2 840 278 874 321 479 904 123 285 420 137 810 955 241 061 544 51 873 661 183 414 413
360 Autres Débiteurs Divers 265 392 016 -1 035 975 796 11 827 0 14 770 286 1 246 774 612 39 811 087 0
370 Comptes de Régularisations - Actif 16 279 647 050 82 842 411 5 302 273 995 2 504 437 092 2 049 269 503 3 713 176 005 385 775 696 2 241 872 348
380 TOTAL DE L'ACTIF 9 887 807 001 534 579 991 887 120 1 630 208 974 270 235 308 946 626 2 818 862 750 943 1 637 319 100 066 2 261 673 466 626 724 441 875 883
TOTAL ACTIF ANNEE PRECEDENTE 9 785 837 233 102 577 854 952 299 1 842 252 315 119 213 006 774 353 2 603 884 282 587 1 521 909 689 196 2 373 497 533 551 653 431 685 997