Source PDF : Situation_Comptable_de_la_BEAC_Octobre_2015_1af8a4b4.pdf
Chemin original : scraping\beac_data\Publications\Situations Comptables\Situation_Comptable_de_la_BEAC_Octobre_2015_1af8a4b4.pdf
Date extraction : 15/06/2026 21:21:12
======================================================================

--- Page 1 ---
06/06/2017 07:54
BANQUE DES ETATS DE L'AFRIQUE CENTRALE
SITUATION COMPTABLE : OCTOBRE 2015
ACTIF
N°
POSTES OU LIGNES ZONE SCES CX CAMEROUN RCA CONGO GABON GUINEE EQUAT. TCHAD
LIGNES
10 DISPONIBILITES EXTERIEURES 5 675 188 851 088 291 676 076 539 1 648 152 542 031 131 457 250 130 1 435 371 129 211 1 129 283 729 055 845 943 878 079 193 304 246 043
15 Avoirs Extérieurs à vue 2 440 298 408 567 291 676 076 539 651 628 239 643 60 159 997 961 558 688 707 376 439 005 410 561 351 944 418 368 87 195 558 119
20 Billets Etrangers 161 256 257 172 56 082 467 045 19 511 555 749 14 934 625 630 2 590 292 124 9 658 776 442 38 589 992 822 19 888 547 360
30 Correspondants Hors Zone d'Emission -38 515 323 440 -38 515 323 440 0 0 0 0 0 0
40 Trésor Français 2 317 557 474 835 274 108 932 934 632 116 683 894 45 225 372 331 556 098 415 252 429 346 634 119 313 354 425 546 67 307 010 759
50 Compte d'Opérations 2 317 557 474 834 274 108 932 934 632 116 683 893 45 225 372 331 556 098 415 252 429 346 634 119 313 354 425 546 67 307 010 759
60 Compte Spécial de Nivellement 1 0 0 0 0 0 0 0
70 Autres avoirs extérieurs (SDM) 3 234 890 442 521 0 996 524 302 388 71 297 252 169 876 682 421 835 690 278 318 494 493 999 459 711 106 108 687 924
80 Comptes Courants Chez Correspondants Etrangers 3 234 890 442 521 0 996 524 302 388 71 297 252 169 876 682 421 835 690 278 318 494 493 999 459 711 106 108 687 924
90 Opérations sur le Marché Financier 0 0 0 0 0 0 0 0
100 ENCAISSE–OR 137 288 358 447 85 485 737 832 20 371 684 797 7 566 799 907 7 566 917 564 8 730 604 788 0 7 566 613 559
110 FONDS MONETAIRE INTERNATIONAL 308 816 414 699 68 668 103 48 052 987 777 9 685 480 328 73 865 851 232 138 268 102 872 27 220 071 779 11 655 252 608
120 Quotes-Parts en Devises 108 755 966 269 0 34 991 117 356 9 357 395 786 15 356 374 637 27 818 246 038 9 627 379 876 11 605 452 576
130 Avoirs en D.T.S. 200 060 448 430 68 668 103 13 061 870 421 328 084 542 58 509 476 595 110 449 856 834 17 592 691 903 49 800 032
140 CREANCES SUR LES BANQUES 211 321 655 408 0 80 000 000 000 0 38 659 655 408 24 162 000 000 50 000 000 000 18 500 000 000
150 Concours du Marché Monetaire : Guichet A 172 662 000 000 0 80 000 000 000 0 0 24 162 000 000 50 000 000 000 18 500 000 000
160 Appels d'Offres 172 662 000 000 0 80 000 000 000 0 0 24 162 000 000 50 000 000 000 18 500 000 000
170 Pensions et Autres 0 0 0 0 0 0 0 0
180 Avances à Moyen Terme Irrévocables : Guichet B 38 659 655 408 0 0 0 38 659 655 408 0 0 0
190 Créances Impayées 0 0 0 0 0 0 0 0
200 CREANCES SUR LES TRESORS NATIONAUX 2 056 002 153 290 0 92 426 118 357 75 688 763 223 572 426 118 357 339 926 118 357 519 349 652 037 456 185 382 959
210 Avances en Comptes Courants (Art. 18) 1 825 960 355 447 0 92 000 000 000 22 420 939 071 572 000 000 000 339 500 000 000 518 923 533 680 281 115 882 696
220 Avances Exceptionnelles 146 174 681 461 0 426 118 357 4 059 089 676 426 118 357 426 118 357 426 118 357 140 411 118 357
230 Crédits à l'Economie Consolidés sur l'Etat 83 867 116 382 0 0 49 208 734 476 0 0 0 34 658 381 906
185 330 617 527
239 CONTREPARTIE DES ALLOCATIONS DE DTS VERSEES AUX ETATS 114 493 605 778 36 310 129 962 0 0 0 34 526 881 787
240 VALEURS IMMOBILISEES 278 754 248 639 247 310 903 939 7 707 213 894 2 695 382 439 5 073 487 186 5 203 532 063 6 230 127 973 4 533 601 145
250 Immobilisations Financières 78 538 185 088 57 165 127 190 6 486 088 656 2 101 707 266 3 954 178 818 2 549 721 821 2 791 877 526 3 489 483 811
260 Créances sur le Personnel 34 444 483 489 13 140 597 679 6 454 997 859 2 097 251 091 3 944 124 472 2 549 509 621 2 791 877 526 3 466 125 241
270 Créances sur les Autres Banques Centrales 0 0 0 0 0 0 0 0
280 Titres de Participations 43 547 310 673 43 547 310 673 0 0 0 0 0 0
290 Autres Immobilisations Financières 546 390 926 477 218 838 31 090 797 4 456 175 10 054 346 212 200 0 23 358 570
300 Immobilisations Incorporelles 12 818 768 146 12 817 539 446 0 959 600 -606 900 876 000 0 0
310 Immobilisations Corporelles 182 740 676 318 172 674 832 216 1 221 125 238 589 501 573 1 119 915 268 2 652 934 242 3 438 250 447 1 044 117 334
320 Autres immobilisations 4 656 619 087 4 653 405 087 0 3 214 000 0 0 0 0
330 AUTRES ACTIFS 30 903 069 729 30 903 069 729 0 0 0 0 0 0
340 DEBITEURS DIVERS 28 630 150 106 1 857 589 162 8 051 668 217 3 482 241 373 4 385 955 284 6 874 006 852 428 342 290 3 550 346 928
350 Avances Diverses au Personnel 4 070 743 150 2 922 768 980 289 890 564 62 652 545 250 029 863 276 696 728 49 118 712 219 585 758
360 Autres Débiteurs Divers 209 142 631 -1 192 471 344 -7 810 586 0 8 566 868 1 402 010 055 96 314 -1 248 676
370 Comptes de Régularisations - Actif 24 350 264 325 127 291 526 7 769 588 239 3 419 588 828 4 127 358 553 5 195 300 069 379 127 264 3 332 009 846
380 TOTAL DE L'ACTIF 8 912 235 518 933 657 302 045 304 2 019 255 820 851 266 886 047 362 2 137 349 114 242 1 652 448 093 987 1 449 172 072 158 729 822 325 029
TOTAL ACTIF ANNEE PRECEDENTE 9 597 409 928 630 582 632 387 592 1 705 089 400 101 270 463 459 631 2 628 119 313 481 1 581 605 046 911 2 151 350 528 992 678 149 791 922