Source PDF : Situation_Comptable_de_la_BEAC_Décembre_2013_96ba5811.pdf
Chemin original : scraping\beac_data\Publications\Situations Comptables\Situation_Comptable_de_la_BEAC_Décembre_2013_96ba5811.pdf
Date extraction : 15/06/2026 21:22:16
======================================================================

--- Page 1 ---
06/06/2017 07:31
BANQUE DES ETATS DE L'AFRIQUE CENTRALE
SITUATION COMPTABLE : DECEMBRE 2013
ACTIF
N°
POSTES OU LIGNES ZONE SCES CX CAMEROUN RCA CONGO GABON GUINEE EQUAT. TCHAD
LIGNES
10 DISPONIBILITES EXTERIEURES 8 478 790 167 771 262 040 506 997 1 639 617 338 606 89 967 250 141 2 442 879 449 022 1 330 843 096 186 2 152 929 920 122 560 512 606 697
15 Avoirs Extérieurs à vue 4 975 004 505 998 262 040 506 997 940 716 200 873 51 693 255 617 1 401 607 560 921 760 332 584 782 1 236 654 626 067 321 959 770 740
20 Billets Etrangers 9 869 978 500 151 496 460 975 385 095 230 133 159 1 515 844 451 1 161 893 129 4 633 034 135 1 202 192 071
30 Correspondants Hors Zone d'Emission -9 227 189 657 -9 227 189 657 0 0 0 0 0 0
40 Trésor Français 4 974 361 717 155 271 116 200 194 939 740 815 778 51 463 122 458 1 400 091 716 470 759 170 691 653 1 232 021 591 932 320 757 578 669
50 Compte d'Opérations 4 794 930 674 728 271 116 200 194 903 889 258 895 49 499 779 980 1 346 677 554 851 730 207 970 465 1 185 019 385 108 308 520 525 235
60 Compte Spécial de Nivellement 179 431 042 427 0 35 851 556 883 1 963 342 478 53 414 161 620 28 962 721 187 47 002 206 824 12 237 053 435
70 Autres avoirs extérieurs (SDM) 3 503 785 661 773 0 698 901 137 733 38 273 994 524 1 041 271 888 101 570 510 511 404 916 275 294 055 238 552 835 957
80 Comptes Courants Chez Correspondants Etrangers 3 503 785 661 773 0 698 901 137 733 38 273 994 524 1 041 271 888 101 570 510 511 404 916 275 294 055 238 552 835 957
90 Opérations sur le Marché Financier 0 0 0 0 0 0 0 0
100 ENCAISSE–OR 102 405 010 036 58 681 254 950 17 194 623 480 6 386 721 405 6 386 820 712 7 369 025 369 0 6 386 564 120
110 FONDS MONETAIRE INTERNATIONAL 274 236 520 526 922 356 162 41 944 165 542 10 263 680 025 65 004 638 036 121 846 728 192 23 989 410 946 10 265 541 623
120 Quotes-Parts en Devises 95 837 580 203 0 30 834 759 058 8 245 893 995 13 532 294 700 24 513 904 636 8 483 808 499 10 226 919 315
130 Avoirs en D.T.S. 178 398 940 323 922 356 162 11 109 406 484 2 017 786 030 51 472 343 336 97 332 823 556 15 505 602 447 38 622 308
140 CREANCES SUR LES BANQUES 15 880 225 694 0 5 385 000 000 0 7 995 225 694 0 0 2 500 000 000
150 Concours du Marché Monetaire : Guichet A 7 885 000 000 0 5 385 000 000 0 0 0 0 2 500 000 000
160 Appels d'Offres 7 885 000 000 0 5 385 000 000 0 0 0 0 2 500 000 000
170 Pensions et Autres 0 0 0 0 0 0 0 0
180 Avances à Moyen Terme Irrévocables : Guichet B 7 995 225 694 0 0 0 7 995 225 694 0 0 0
190 Créances Impayées 0 0 0 0 0 0 0 0
200 CREANCES SUR LES TRESORS NATIONAUX 561 130 847 237 0 197 045 414 73 855 264 569 197 045 414 257 697 045 414 197 045 412 228 987 401 014
210 Avances en Comptes Courants (Art. 18) 473 054 582 747 0 0 21 422 609 053 0 257 500 000 000 0 194 131 973 694
220 Avances Exceptionnelles 4 859 483 806 0 197 045 414 3 874 256 738 197 045 414 197 045 414 197 045 412 197 045 414
230 Crédits à l'Economie Consolidés sur l'Etat 83 216 780 684 0 0 48 558 398 778 0 0 0 34 658 381 906
CONTREPARTIE DES ALLOCATIONS DE DTS VERSEES AUX ETATS 161 582 023 395
239 100 893 684 298 30 262 672 204 0 0 0 30 425 666 893
240 VALEURS IMMOBILISEES 250 747 029 955 221 489 200 529 7 322 403 007 2 262 256 958 4 561 734 529 5 922 702 401 5 159 262 213 4 029 470 318
250 Immobilisations Financières 55 907 308 047 38 011 840 103 6 083 404 395 1 499 000 548 3 039 038 818 2 285 073 547 2 244 392 608 2 744 558 028
260 Créances sur le Personnel 29 392 517 062 11 566 642 606 6 052 419 198 1 493 964 373 3 029 037 472 2 284 861 347 2 244 392 608 2 721 199 458
270 Créances sur les Autres Banques Centrales 0 0 0 0 0 0 0 0
280 Titres de Participations 24 141 810 673 24 141 810 673 0 0 0 0 0 0
290 Autres Immobilisations Financières 2 372 980 312 2 303 386 824 30 985 197 5 036 175 10 001 346 212 200 0 23 358 570
300 Immobilisations Incorporelles 10 579 936 610 10 579 936 610 0 0 0 0 0 0
310 Immobilisations Corporelles 182 210 235 891 170 847 874 409 1 238 998 612 763 256 410 1 522 695 711 3 637 628 854 2 914 869 605 1 284 912 290
320 Autres immobilisations 2 049 549 407 2 049 549 407 0 0 0 0 0 0
330 AUTRES ACTIFS 42 271 007 534 42 271 007 534 0 0 0 0 0 0
340 DEBITEURS DIVERS 21 726 593 508 2 274 851 254 5 884 150 310 3 010 304 815 2 507 315 082 5 350 780 575 242 245 694 2 456 945 778
350 Avances Diverses au Personnel 3 986 784 458 2 969 925 105 236 362 331 212 605 398 170 718 018 192 762 110 34 904 920 169 506 576
360 Autres Débiteurs Divers 167 288 600 -927 263 720 11 827 0 14 770 286 1 039 959 120 39 811 087 0
370 Comptes de Régularisations - Actif 17 572 520 450 232 189 869 5 647 776 152 2 797 699 417 2 321 826 778 4 118 059 345 167 529 687 2 287 439 202
380 TOTAL DE L'ACTIF 9 908 769 425 656 587 679 177 426 1 818 438 410 657 216 008 150 117 2 529 532 228 489 1 729 029 378 137 2 182 517 884 387 845 564 196 443
TOTAL ACTIF ANNEE PRECEDENTE 9 995 673 818 276 605 452 831 547 1 862 889 836 802 204 932 602 273 2 795 393 401 509 1 456 640 618 761 2 193 785 585 787 876 578 941 597