Source PDF : Situation_Comptable_de_la_BEAC_au_30_avril_2013_426dd103.pdf
Chemin original : scraping\beac_data\Publications\Situations Comptables\Situation_Comptable_de_la_BEAC_au_30_avril_2013_426dd103.pdf
Date extraction : 15/06/2026 21:22:40
======================================================================

--- Page 1 ---
06/08/2013 09:21
BANQUE DES ETATS DE L'AFRIQUE CENTRALE
SITUATION COMPTABLE : AVRIL 2013
ACTIF
N°
POSTES OU LIGNES ZONE SCES CX CAMEROUN RCA CONGO GABON GUINEE EQUAT. TCHAD
LIGNES
10 DISPONIBILITES EXTERIEURES 7 884 846 343 120 243 514 059 802 1 640 169 505 365 77 000 015 483 2 692 418 827 891 1 040 574 183 666 1 780 448 327 142 410 721 423 771
15 Avoirs Extérieurs à vue 5 607 764 712 305 243 514 059 802 1 160 592 054 573 54 801 307 318 1 904 842 202 676 691 268 131 075 1 261 746 939 665 291 000 017 196
20 Billets Etrangers 19 055 310 858 1 853 832 284 1 889 821 959 1 167 232 844 1 986 277 147 1 898 051 055 8 517 758 986 1 742 336 583
30 Correspondants Hors Zone d'Emission -16 481 788 257 -16 481 788 257 0 0 0 0 0 0
40 Trésor Français 5 605 191 189 704 258 142 015 775 1 158 702 232 614 53 634 074 474 1 902 855 925 529 689 370 080 020 1 253 229 180 679 289 257 680 613
50 Compte d'Opérations 4 718 212 693 874 258 142 015 775 966 494 543 855 44 737 154 106 1 587 206 633 423 575 016 084 618 1 045 341 185 366 241 275 076 729
60 Compte Spécial de Nivellement 886 978 495 830 0 192 207 688 758 8 896 920 368 315 649 292 106 114 353 995 401 207 887 995 313 47 982 603 883
70 Autres avoirs extérieurs (SDM) 2 277 081 630 815 0 479 577 450 792 22 198 708 165 787 576 625 215 349 306 052 591 518 701 387 477 119 721 406 575
80 Comptes Courants Chez Correspondants Etrangers 2 277 081 630 815 0 479 577 450 792 22 198 708 165 787 576 625 215 349 306 052 591 518 701 387 477 119 721 406 575
90 Opérations sur le Marché Financier 0 0 0 0 0 0 0 0
100 ENCAISSE–OR 131 453 676 244 75 327 043 932 22 072 127 793 8 198 407 553 8 198 535 031 9 459 356 283 0 8 198 205 652
110 FONDS MONETAIRE INTERNATIONAL 283 182 719 649 743 740 004 43 394 886 182 10 606 306 070 67 160 576 226 125 887 796 798 24 785 891 083 10 603 523 286
120 Quotes-Parts en Devises 99 016 050 748 0 31 857 399 375 8 519 370 549 13 981 095 682 25 326 912 682 8 765 175 531 10 566 096 929
130 Avoirs en D.T.S. 184 166 668 901 743 740 004 11 537 486 807 2 086 935 521 53 179 480 544 100 560 884 116 16 020 715 552 37 426 357
140 CREANCES SUR LES BANQUES 12 437 000 000 0 2 473 000 000 0 9 964 000 000 0 0 0
150 Concours du Marché Monetaire : Guichet A 2 473 000 000 0 2 473 000 000 0 0 0 0 0
160 Appels d'Offres 2 473 000 000 0 2 473 000 000 0 0 0 0 0
170 Pensions et Autres 0 0 0 0 0 0 0 0
180 Avances à Moyen Terme Irrévocables : Guichet B 9 964 000 000 0 0 0 9 964 000 000 0 0 0
190 Créances Impayées 0 0 0 0 0 0 0 0
200 CREANCES SUR LES TRESORS NATIONAUX 540 164 657 013 0 472 467 818 72 392 173 418 472 467 818 242 972 467 818 472 467 816 223 382 612 325
210 Avances en Comptes Courants (Art. 18) 453 058 521 595 0 0 20 973 744 306 0 242 500 000 000 0 189 584 777 289
220 Avances Exceptionnelles 6 197 872 969 0 472 467 818 3 835 533 881 472 467 818 472 467 818 472 467 816 472 467 818
230 Crédits à l'Economie Consolidés sur l'Etat 80 908 262 449 0 0 47 582 895 231 0 0 0 33 325 367 218
166 940 920 195 104 239 841 443 31 266 339 158 0 0 0 31 434 739 594
239 CONTREPARTIE DES ALLOCATIONS DE DTS VERSEES AUX ETATS
240 VALEURS IMMOBILISEES 239 296 428 072 214 957 522 493 7 912 986 613 2 561 905 452 4 637 886 608 2 935 988 721 2 194 030 671 4 096 107 514
250 Immobilisations Financières 50 650 515 021 33 751 387 833 6 186 630 733 1 649 789 021 2 818 904 921 1 969 853 958 1 806 166 625 2 467 781 930
260 Créances sur le Personnel 27 648 081 036 10 818 520 336 6 155 672 536 1 644 752 846 2 808 903 575 1 969 641 758 1 806 166 625 2 444 423 360
270 Créances sur les Autres Banques Centrales 0 0 0 0 0 0 0 0
280 Titres de Participations 20 626 480 673 20 626 480 673 0 0 0 0 0 0
290 Autres Immobilisations Financières 2 375 953 312 2 306 386 824 30 958 197 5 036 175 10 001 346 212 200 0 23 358 570
300 Immobilisations Incorporelles 10 614 780 209 10 614 780 209 0 0 0 0 0 0
310 Immobilisations Corporelles 177 787 202 027 170 347 423 636 1 726 355 880 912 116 431 1 818 981 687 966 134 763 387 864 046 1 628 325 584
320 Autres immobilisations 243 930 815 243 930 815 0 0 0 0 0 0
330 AUTRES ACTIFS 34 960 935 942 34 960 935 942 0 0 0 0 0 0
340 DEBITEURS DIVERS 23 293 797 970 2 329 557 474 6 722 588 318 2 902 862 990 2 733 090 764 5 670 006 631 199 417 540 2 736 274 253
350 Avances Diverses au Personnel 3 616 319 702 2 601 844 851 222 514 138 124 658 377 274 311 865 175 006 231 41 838 239 176 146 001
360 Autres Débiteurs Divers 741 148 486 -401 860 086 -275 072 9 590 17 089 837 1 054 591 940 69 076 921 2 515 356
370 Comptes de Régularisations - Actif 18 936 329 782 129 572 709 6 500 349 252 2 778 195 023 2 441 689 062 4 440 408 460 88 502 380 2 557 612 896
380 TOTAL DE L'ACTIF 9 316 576 478 205 571 832 859 647 1 827 457 403 532 204 928 010 124 2 785 585 384 338 1 427 499 799 917 1 808 100 134 252 691 172 886 395
TOTAL ACTIF ANNEE PRECEDENTE 9 472 396 126 949 579 457 875 878 1 778 173 757 267 203 379 918 302 2 997 384 058 138 1 373 734 521 409 1 761 883 021 769 778 382 974 186

--- Page 2 ---
06/08/2013 09:21
BANQUE DES ETATS DE L'AFRIQUE CENTRALE
SITUATION COMPTABLE : AVRIL 2013
PASSIF
N° LIGNE POSTES OU LIGNES ZONE SCES CX CAMEROUN RCA CONGO GABON GUINEE EQUAT. TCHAD
10 BILLETS ET PIECES EN CIRCULATION 2 434 783 969 341 627 961 118 004 111 134 136 560 619 207 482 528 393 246 638 794 267 666 412 924 415 568 180 531
20 TRESORS ET COMPTABLES PUBLICS NATIONAUX 2 999 970 090 105 7 786 493 287 355 437 664 045 3 058 057 785 1 349 638 305 917 365 021 505 312 818 114 558 356 100 913 505 403
30 Comptes courants 559 100 569 892 0 72 140 901 718 1 368 926 897 100 196 880 254 98 706 057 982 237 798 344 710 48 889 458 331
40 Fonds de Stabilisation des Recettes Budgétaires 550 812 868 998 0 0 0 208 113 627 451 0 327 067 985 890 15 631 255 657
50 Fonds de Réserves Pour Générations Futures 1 304 682 808 963 0 0 0 1 027 772 528 262 201 555 653 997 75 354 626 704 0
60 Dépôts spéciaux 585 373 842 252 7 786 493 287 283 296 762 327 1 689 130 888 13 555 269 950 64 759 793 333 177 893 601 052 36 392 791 415
70 BANQUES ET INSTITUTIONS FINANCIERES 2 918 726 495 711 0 798 233 213 638 15 912 217 827 742 573 919 391 551 359 521 112 690 382 172 605 120 265 451 138
80 Banques et Institutions Etrangères 94 852 910 866 0 32 739 677 527 9 433 153 924 13 464 393 301 25 170 831 916 4 089 490 628 9 955 363 570
90 Banques et Institutions Financières de la Zone 2 823 873 584 845 0 765 493 536 111 6 479 063 903 729 109 526 090 526 188 689 196 686 292 681 977 110 310 087 568
100 Comptes courants 1 836 491 235 569 0 488 619 536 111 6 479 063 903 465 989 176 814 320 918 689 196 486 209 681 977 68 275 087 568
110 Dépôts et placements sur marché monétaire 55 349 276 0 0 0 55 349 276 0 0 0
120 Comptes de Réserves Obligatoires 987 327 000 000 0 276 874 000 000 0 263 065 000 000 205 270 000 000 200 083 000 000 42 035 000 000
130 Autres Comptes des Etablissements de Crédit 0 0 0 0 0 0 0 0
140 AUTRES COMPTES COURANTS 85 117 046 792 11 657 166 472 26 817 115 583 4 336 866 907 20 725 659 598 8 838 405 516 10 552 270 189 2 189 562 527
150 FMI : ALLOCATION DES D.T.S. 410 379 332 657 0 134 230 018 747 40 412 122 255 60 341 843 126 111 098 882 124 23 693 745 052 40 602 721 353
160 EMPRUNTS ET DETTES A LONG ET MOYEN TERME 10 512 689 265 10 512 689 265 0 0 0 0 0 0
170 AUTRES PASSIFS 0 0 0 0 0 0 0 0
180 PROVISIONS 14 837 514 150 14 837 514 150 0 0 0 0 0 0
190 REPORT A NOUVEAU 0 0 0 0 0 0 0 0
200 RESERVES 325 756 573 353 413 324 126 514 -112 468 246 972 23 897 716 245 -2 307 550 546 -4 150 364 654 -1 911 356 753 9 372 249 519
210 CAPITAL ET PRIME D'AUGMENTATION 91 507 313 350 91 507 313 350 0 0 0 0 0 0
220 CREDITEURS DIVERS 19 199 630 796 8 487 518 030 197 559 306 7 123 376 485 473 112 298 353 055 985 187 735 424 2 377 273 268
230 TRANSFERTS NON DENOUES 53 713 243 12 639 427 5 968 099 2 504 870 6 273 291 26 327 556 0 0
240 COMPTES DE REGULARISATIONS - PASSIF 2 280 321 228 1 028 412 765 58 273 017 35 035 899 245 812 335 785 195 799 80 526 094 47 065 319
250 COMPTE DE RESULTAT 3 451 788 214 12 678 986 387 -3 015 279 935 -984 024 709 -5 319 473 600 920 632 373 -665 929 639 -163 122 663
270 TOTAL DU PASSIF 9 316 576 478 205 571 832 859 647 1 827 457 403 532 204 928 010 124 2 785 585 384 338 1 427 499 799 917 1 808 100 134 252 691 172 886 395
TOTAL PASSIF ANNEE PRECEDENTE 9 472 396 126 949 579 457 875 878 1 778 173 757 267 203 379 918 302 2 997 384 058 138 1 373 734 521 409 1 761 883 021 769 778 382 974 186
TAUX DE COUVERTURE 98,23 94,31 71,26 101,3 89,19 101,04 67,22
TAUX DE COUVERTURE DU MOIS ANTERIEUR 98,32 94,50 72,84 101,49 88,42 101,13 69,50