Source PDF : Situation_Comptable_de_la_BEAC_Avril_2015_a11b3fa6.pdf
Chemin original : scraping\beac_data\Publications\Situations Comptables\Situation_Comptable_de_la_BEAC_Avril_2015_a11b3fa6.pdf
Date extraction : 15/06/2026 21:21:27
======================================================================

--- Page 1 ---
06/06/2017 07:50
BANQUE DES ETATS DE L'AFRIQUE CENTRALE
SITUATION COMPTABLE : AVRIL 2015
ACTIF
N°
POSTES OU LIGNES ZONE SCES CX CAMEROUN RCA CONGO GABON GUINEE EQUAT. TCHAD
LIGNES
10 DISPONIBILITES EXTERIEURES 6 774 792 635 652 329 548 582 291 1 570 526 946 877 127 943 865 698 2 163 252 883 200 1 073 984 778 623 1 104 559 668 808 404 975 910 155
15 Avoirs Extérieurs à vue 2 520 043 513 653 329 548 582 291 534 493 424 505 55 596 020 848 707 636 910 619 343 648 035 787 389 323 789 768 159 796 749 836
20 Billets Etrangers 182 751 916 240 20 519 404 177 38 116 113 209 20 933 215 128 10 232 119 030 3 978 024 831 46 644 856 207 42 328 183 658
30 Correspondants Hors Zone d'Emission -55 104 951 773 -55 104 951 773 0 0 0 0 0 0
40 Trésor Français 2 392 396 549 186 364 134 129 887 496 377 311 296 34 662 805 720 697 404 791 589 339 670 010 956 342 678 933 561 117 468 566 178
50 Compte d'Opérations 2 392 396 549 185 364 134 129 887 496 377 311 296 34 662 805 720 697 404 791 589 339 670 010 956 342 678 933 561 117 468 566 178
60 Compte Spécial de Nivellement 1 0 0 0 0 0 0 0
70 Autres avoirs extérieurs (SDM) 4 254 749 121 999 0 1 036 033 522 372 72 347 844 850 1 455 615 972 581 730 336 742 836 715 235 879 040 245 179 160 319
80 Comptes Courants Chez Correspondants Etrangers 4 254 749 121 999 0 1 036 033 522 372 72 347 844 850 1 455 615 972 581 730 336 742 836 715 235 879 040 245 179 160 319
90 Opérations sur le Marché Financier 0 0 0 0 0 0 0 0
100 ENCAISSE–OR 140 453 709 982 87 456 716 397 20 841 378 983 7 741 261 761 7 741 382 131 8 931 899 592 0 7 741 071 118
110 FONDS MONETAIRE INTERNATIONAL 309 409 119 282 3 763 019 388 47 309 679 426 10 063 139 000 73 057 364 393 136 754 711 507 26 922 611 019 11 538 594 549
120 Quotes-Parts en Devises 107 565 595 266 0 34 608 127 688 9 254 975 910 15 188 293 899 27 513 765 883 9 522 004 932 11 478 426 954
130 Avoirs en D.T.S. 201 843 524 016 3 763 019 388 12 701 551 738 808 163 090 57 869 070 494 109 240 945 624 17 400 606 087 60 167 595
140 CREANCES SUR LES BANQUES 220 643 201 694 0 34 960 000 000 1 000 000 000 42 043 201 694 11 300 000 000 90 000 000 000 41 340 000 000
150 Concours du Marché Monetaire : Guichet A 178 600 000 000 0 34 960 000 000 1 000 000 000 0 11 300 000 000 90 000 000 000 41 340 000 000
160 Appels d'Offres 171 600 000 000 0 34 960 000 000 0 0 11 300 000 000 90 000 000 000 35 340 000 000
170 Pensions et Autres 7 000 000 000 0 0 1 000 000 000 0 0 0 6 000 000 000
180 Avances à Moyen Terme Irrévocables : Guichet B 42 043 201 694 0 0 0 42 043 201 694 0 0 0
190 Créances Impayées 0 0 0 0 0 0 0 0
200 CREANCES SUR LES TRESORS NATIONAUX 1 408 632 786 736 0 60 069 932 612 75 302 817 010 350 069 932 612 277 569 932 612 419 384 526 202 226 235 645 688
210 Avances en Comptes Courants (Art. 18) 1 320 496 782 839 0 60 000 000 000 22 174 858 079 350 000 000 000 277 500 000 000 419 314 593 590 191 507 331 170
220 Avances Exceptionnelles 4 268 887 515 0 69 932 612 3 919 224 455 69 932 612 69 932 612 69 932 612 69 932 612
230 Crédits à l'Economie Consolidés sur l'Etat 83 867 116 382 0 0 49 208 734 476 0 0 0 34 658 381 906
182 818 009 541
239 CONTREPARTIE DES ALLOCATIONS DE DTS VERSEES AUX ETATS 113 240 434 362 35 428 601 844 0 0 0 34 148 973 335
240 VALEURS IMMOBILISEES 253 390 211 178 221 984 695 083 7 496 583 126 2 559 169 539 5 055 443 722 5 328 377 461 6 435 772 853 4 530 169 394
250 Immobilisations Financières 58 552 300 636 37 878 905 591 6 386 836 555 1 954 208 504 3 756 291 846 2 434 092 017 2 732 205 267 3 409 760 856
260 Créances sur le Personnel 33 864 099 037 13 259 876 080 6 355 745 758 1 949 752 329 3 746 237 500 2 433 879 817 2 732 205 267 3 386 402 286
270 Créances sur les Autres Banques Centrales 0 0 0 0 0 0 0 0
280 Titres de Participations 24 141 810 673 24 141 810 673 0 0 0 0 0 0
290 Autres Immobilisations Financières 546 390 926 477 218 838 31 090 797 4 456 175 10 054 346 212 200 0 23 358 570
300 Immobilisations Incorporelles 12 037 418 884 12 036 459 284 0 959 600 0 0 0 0
310 Immobilisations Corporelles 178 155 346 846 167 427 399 396 1 109 746 571 600 787 435 1 299 151 876 2 894 285 444 3 703 567 586 1 120 408 538
320 Autres immobilisations 4 645 144 812 4 641 930 812 0 3 214 000 0 0 0 0
330 AUTRES ACTIFS 36 583 083 637 36 583 083 637 0 0 0 0 0 0
340 DEBITEURS DIVERS 116 979 585 180 1 961 702 743 8 227 311 345 3 488 938 210 3 165 408 508 6 839 661 297 89 877 148 022 3 419 415 055
350 Avances Diverses au Personnel 3 761 722 780 2 924 051 999 301 979 485 49 057 297 113 002 535 179 101 876 44 570 036 149 959 552
360 Autres Débiteurs Divers 213 646 017 -1 128 669 263 -7 810 586 0 8 566 868 1 323 587 684 17 971 314 0
370 Comptes de Régularisations - Actif 113 004 216 383 166 320 007 7 933 142 446 3 439 880 913 3 043 839 105 5 336 971 737 89 814 606 672 3 269 455 503
380 TOTAL DE L'ACTIF 9 443 702 342 882 681 297 799 539 1 862 672 266 731 263 527 793 062 2 644 385 616 260 1 520 709 361 092 1 737 179 726 904 733 929 779 294
TOTAL ACTIF ANNEE PRECEDENTE 9 528 607 485 243 581 357 282 369 1 740 672 494 643 226 939 791 923 2 499 850 996 344 1 833 445 031 958 1 973 025 790 959 673 316 097 047