Source PDF : Situation_Comptable_de_la_BEAC_Janvier_2015_9afdda07.pdf
Chemin original : scraping\beac_data\Publications\Situations Comptables\Situation_Comptable_de_la_BEAC_Janvier_2015_9afdda07.pdf
Date extraction : 15/06/2026 21:21:35
======================================================================

--- Page 1 ---
06/06/2017 07:48
BANQUE DES ETATS DE L'AFRIQUE CENTRALE
SITUATION COMPTABLE : JANVIER 2015
ACTIF
N°
POSTES OU LIGNES ZONE SCES CX CAMEROUN RCA CONGO GABON GUINEE EQUAT. TCHAD
LIGNES
10 DISPONIBILITES EXTERIEURES 7 763 099 369 444 265 012 505 585 1 634 482 240 627 143 760 384 313 2 491 692 759 481 1 224 723 613 442 1 472 423 817 354 531 004 048 642
15 Avoirs Extérieurs à vue 3 550 656 297 800 265 012 505 585 720 185 590 411 63 590 698 378 1 093 029 531 837 521 937 951 778 653 308 685 587 233 591 334 225
20 Billets Etrangers 26 618 148 249 975 388 436 6 489 681 060 1 007 383 168 1 239 220 789 1 563 138 813 13 911 047 314 1 432 288 669
30 Correspondants Hors Zone d'Emission -64 686 819 247 -64 686 819 247 0 0 0 0 0 0
40 Trésor Français 3 588 724 968 798 328 723 936 396 713 695 909 351 62 583 315 210 1 091 790 311 048 520 374 812 965 639 397 638 273 232 159 045 556
50 Compte d'Opérations 3 403 362 052 249 328 723 936 396 673 115 282 413 59 025 021 393 1 029 711 301 309 490 786 390 394 603 041 598 280 218 958 522 063
60 Compte Spécial de Nivellement 185 362 916 549 0 40 580 626 938 3 558 293 816 62 079 009 738 29 588 422 570 36 356 039 994 13 200 523 493
70 Autres avoirs extérieurs (SDM) 4 212 443 071 644 0 914 296 650 216 80 169 685 935 1 398 663 227 644 702 785 661 664 819 115 131 767 297 412 714 417
80 Comptes Courants Chez Correspondants Etrangers 4 212 443 071 644 0 914 296 650 216 80 169 685 935 1 398 663 227 644 702 785 661 664 819 115 131 767 297 412 714 417
90 Opérations sur le Marché Financier 0 0 0 0 0 0 0 0
100 ENCAISSE–OR 130 242 961 531 74 633 266 756 21 868 839 071 8 122 898 576 8 123 024 879 9 372 233 715 0 8 122 698 534
110 FONDS MONETAIRE INTERNATIONAL 309 180 133 645 4 831 031 666 46 815 608 185 10 007 655 005 73 294 373 440 135 994 780 177 26 773 268 381 11 463 416 791
120 Quotes-Parts en Devises 106 966 253 616 0 34 415 295 655 9 203 408 376 15 103 666 681 27 360 462 721 9 468 949 546 11 414 470 637
130 Avoirs en D.T.S. 202 213 880 029 4 831 031 666 12 400 312 530 804 246 629 58 190 706 759 108 634 317 456 17 304 318 835 48 946 154
140 CREANCES SUR LES BANQUES 135 204 201 694 0 12 081 000 000 1 500 000 000 37 903 201 694 7 000 000 000 60 000 000 000 16 720 000 000
150 Concours du Marché Monetaire : Guichet A 97 301 000 000 0 12 081 000 000 1 500 000 000 0 7 000 000 000 60 000 000 000 16 720 000 000
160 Appels d'Offres 93 351 000 000 0 8 131 000 000 1 500 000 000 0 7 000 000 000 60 000 000 000 16 720 000 000
170 Pensions et Autres 3 950 000 000 0 3 950 000 000 0 0 0 0 0
180 Avances à Moyen Terme Irrévocables : Guichet B 37 903 201 694 0 0 0 37 903 201 694 0 0 0
190 Créances Impayées 0 0 0 0 0 0 0 0
200 CREANCES SUR LES TRESORS NATIONAUX 1 443 889 626 593 0 165 233 803 677 75 117 373 389 350 233 803 677 257 733 803 677 370 522 235 084 225 048 607 089
210 Avances en Comptes Courants (Art. 18) 1 354 986 716 830 0 165 000 000 000 22 041 863 917 350 000 000 000 257 500 000 000 370 288 431 407 190 156 421 506
220 Avances Exceptionnelles 5 035 793 381 0 233 803 677 3 866 774 996 233 803 677 233 803 677 233 803 677 233 803 677
230 Crédits à l'Economie Consolidés sur l'Etat 83 867 116 382 0 0 49 208 734 476 0 0 0 34 658 381 906
181 799 371 124
239 CONTREPARTIE DES ALLOCATIONS DE DTS VERSEES AUX ETATS 112 609 473 239 35 231 198 234 0 0 0 33 958 699 651
240 VALEURS IMMOBILISEES 252 323 094 205 221 583 668 348 7 345 298 234 2 539 644 073 5 010 050 137 5 362 204 221 6 360 243 873 4 121 985 319
250 Immobilisations Financières 56 372 388 123 36 788 293 327 6 177 981 898 1 878 737 349 3 701 548 773 2 365 840 666 2 491 970 983 2 968 015 127
260 Créances sur le Personnel 31 885 234 000 12 370 311 292 6 146 891 101 1 874 281 174 3 691 494 427 2 365 628 466 2 491 970 983 2 944 656 557
270 Créances sur les Autres Banques Centrales 0 0 0 0 0 0 0 0
280 Titres de Participations 24 141 810 673 24 141 810 673 0 0 0 0 0 0
290 Autres Immobilisations Financières 345 343 450 276 171 362 31 090 797 4 456 175 10 054 346 212 200 0 23 358 570
300 Immobilisations Incorporelles 11 531 416 158 11 530 457 358 0 958 800 0 0 0 0
310 Immobilisations Corporelles 179 894 799 177 168 740 426 916 1 167 316 336 659 947 924 1 308 501 364 2 996 363 555 3 868 272 890 1 153 970 192
320 Autres immobilisations 4 524 490 747 4 524 490 747 0 0 0 0 0 0
330 AUTRES ACTIFS 38 081 779 231 38 081 779 231 0 0 0 0 0
340 DEBITEURS DIVERS 17 682 710 570 1 894 956 713 4 512 592 956 2 469 954 513 2 379 278 771 4 042 398 624 90 034 657 2 293 494 336
350 Avances Diverses au Personnel 3 834 373 901 2 874 279 504 329 123 232 75 132 983 118 795 902 213 967 687 50 333 239 172 741 354
360 Autres Débiteurs Divers 200 343 046 -1 146 475 321 -7 810 586 0 8 566 868 1 306 360 667 39 701 418 0
370 Comptes de Régularisations - Actif 13 647 993 623 167 152 530 4 191 280 310 2 394 821 530 2 251 916 001 2 522 070 270 0 2 120 752 982
380 TOTAL DE L'ACTIF 10 271 503 248 037 606 037 208 299 2 004 948 855 989 278 749 108 103 2 968 636 492 079 1 644 229 033 856 1 936 169 599 349 832 732 950 362
TOTAL ACTIF ANNEE PRECEDENTE 10 360 572 570 097 597 020 900 926 1 914 183 263 763 270 459 870 821 3 070 317 633 356 1 653 877 452 502 1 982 177 020 349 872 536 428 380