Source PDF : Situation_Comptable_de_la_BEAC_Juin_2015_9e36b8ab.pdf
Chemin original : scraping\beac_data\Publications\Situations Comptables\Situation_Comptable_de_la_BEAC_Juin_2015_9e36b8ab.pdf
Date extraction : 15/06/2026 21:21:22
======================================================================

--- Page 1 ---
06/06/2017 07:52
BANQUE DES ETATS DE L'AFRIQUE CENTRALE
SITUATION COMPTABLE : JUIN 2015
ACTIF
N°
POSTES OU LIGNES ZONE SCES CX CAMEROUN RCA CONGO GABON GUINEE EQUAT. TCHAD
LIGNES
10 DISPONIBILITES EXTERIEURES 6 654 473 312 745 284 741 109 955 1 564 557 052 180 121 630 774 205 1 940 562 813 589 1 299 476 288 351 1 089 756 457 306 353 748 817 159
15 Avoirs Extérieurs à vue 3 117 439 266 310 284 741 109 955 697 740 195 572 64 977 160 677 844 510 458 935 558 438 243 593 495 285 574 826 171 746 522 751
20 Billets Etrangers 161 443 376 043 13 795 549 722 37 243 165 605 21 808 245 367 9 340 584 908 3 880 693 932 42 310 705 583 33 064 430 926
30 Correspondants Hors Zone d'Emission -106 898 767 607 -106 898 767 607 0 0 0 0 0 0
40 Trésor Français 3 062 894 657 874 377 844 327 840 660 497 029 967 43 168 915 310 835 169 874 027 554 557 549 661 452 974 869 243 138 682 091 825
50 Compte d'Opérations 3 062 894 657 873 377 844 327 840 660 497 029 967 43 168 915 310 835 169 874 027 554 557 549 661 452 974 869 243 138 682 091 825
60 Compte Spécial de Nivellement 1 0 0 0 0 0 0 0
70 Autres avoirs extérieurs (SDM) 3 537 034 046 435 0 866 816 856 608 56 653 613 528 1 096 052 354 654 741 038 044 758 594 470 882 480 182 002 294 408
80 Comptes Courants Chez Correspondants Etrangers 3 537 034 046 435 0 866 816 856 608 56 653 613 528 1 096 052 354 654 741 038 044 758 594 470 882 480 182 002 294 408
90 Opérations sur le Marché Financier 0 0 0 0 0 0 0 0
100 ENCAISSE–OR 139 028 067 821 86 569 007 683 20 629 833 495 7 662 685 915 7 662 805 063 8 841 238 458 0 7 662 497 207
110 FONDS MONETAIRE INTERNATIONAL 315 743 933 408 2 110 047 702 55 496 656 500 9 595 858 846 72 926 930 670 137 070 134 550 26 984 475 177 11 559 829 963
120 Quotes-Parts en Devises 107 813 693 975 0 34 687 950 905 9 276 322 397 15 223 325 510 27 577 226 042 9 543 967 318 11 504 901 803
130 Avoirs en D.T.S. 207 930 239 433 2 110 047 702 20 808 705 595 319 536 449 57 703 605 160 109 492 908 508 17 440 507 859 54 928 160
140 CREANCES SUR LES BANQUES 247 574 655 408 0 49 381 000 000 3 000 000 000 38 659 655 408 11 564 000 000 90 000 000 000 54 970 000 000
150 Concours du Marché Monetaire : Guichet A 208 915 000 000 0 49 381 000 000 3 000 000 000 0 11 564 000 000 90 000 000 000 54 970 000 000
160 Appels d'Offres 207 915 000 000 0 49 381 000 000 2 000 000 000 0 11 564 000 000 90 000 000 000 54 970 000 000
170 Pensions et Autres 1 000 000 000 0 0 1 000 000 000 0 0 0 0
180 Avances à Moyen Terme Irrévocables : Guichet B 38 659 655 408 0 0 0 38 659 655 408 0 0 0
190 Créances Impayées 0 0 0 0 0 0 0 0
200 CREANCES SUR LES TRESORS NATIONAUX 1 526 989 886 877 0 60 321 219 442 75 428 936 618 443 321 219 442 298 821 219 442 421 684 455 039 227 412 836 894
210 Avances en Comptes Courants (Art. 18) 1 437 562 482 524 0 60 000 000 000 22 266 011 381 443 000 000 000 298 500 000 000 421 363 235 597 192 433 235 546
220 Avances Exceptionnelles 5 560 287 971 0 321 219 442 3 954 190 761 321 219 442 321 219 442 321 219 442 321 219 442
230 Crédits à l'Economie Consolidés sur l'Etat 83 867 116 382 0 0 49 208 734 476 0 0 0 34 658 381 906
183 724 894 992
239 CONTREPARTIE DES ALLOCATIONS DE DTS VERSEES AUX ETATS 113 501 622 017 35 995 535 457 0 0 0 34 227 737 518
240 VALEURS IMMOBILISEES 254 678 838 503 223 284 851 560 7 475 997 580 2 606 707 554 5 026 162 927 5 315 675 222 6 372 574 892 4 596 868 768
250 Immobilisations Financières 58 806 820 270 37 884 268 429 6 407 339 726 2 042 455 105 3 784 346 808 2 480 395 201 2 724 398 711 3 483 616 290
260 Créances sur le Personnel 34 118 618 671 13 265 238 918 6 376 248 929 2 037 998 930 3 774 292 462 2 480 183 001 2 724 398 711 3 460 257 720
270 Créances sur les Autres Banques Centrales 0 0 0 0 0 0 0 0
280 Titres de Participations 24 141 810 673 24 141 810 673 0 0 0 0 0 0
290 Autres Immobilisations Financières 546 390 926 477 218 838 31 090 797 4 456 175 10 054 346 212 200 0 23 358 570
300 Immobilisations Incorporelles 12 248 413 650 12 246 578 050 0 959 600 0 876 000 0 0
310 Immobilisations Corporelles 178 970 081 625 168 503 696 123 1 068 657 854 560 078 849 1 241 816 119 2 834 404 021 3 648 176 181 1 113 252 478
320 Autres immobilisations 4 653 522 958 4 650 308 958 0 3 214 000 0 0 0 0
330 AUTRES ACTIFS 34 397 348 127 34 397 348 127 0 0 0 0 0 0
340 DEBITEURS DIVERS 28 479 054 181 2 004 563 506 8 142 737 732 3 479 385 577 4 195 880 079 6 790 522 613 445 680 440 3 420 284 234
350 Avances Diverses au Personnel 3 770 478 160 2 974 148 423 250 815 664 45 919 103 112 384 529 182 540 806 42 539 887 162 129 748
360 Autres Débiteurs Divers 192 218 274 -1 134 244 390 -7 810 586 0 8 566 868 1 307 735 068 17 971 314 0
370 Comptes de Régularisations - Actif 24 516 357 747 164 659 473 7 899 732 654 3 433 466 474 4 074 928 682 5 300 246 739 385 169 239 3 258 154 486
380 TOTAL DE L'ACTIF 9 385 089 992 062 633 106 928 533 1 879 506 118 946 259 399 884 172 2 512 355 467 178 1 767 879 078 636 1 635 243 642 854 697 598 871 743
TOTAL ACTIF ANNEE PRECEDENTE 9 731 587 897 233 566 928 789 977 1 760 165 935 799 248 678 487 815 2 703 402 789 298 1 742 600 923 525 1 947 458 481 025 762 352 489 794