Source PDF : Situation_Comptable_de_la_BEAC_Octobre_2013_d4949169.pdf
Chemin original : scraping\beac_data\Publications\Situations Comptables\Situation_Comptable_de_la_BEAC_Octobre_2013_d4949169.pdf
Date extraction : 15/06/2026 21:22:23
======================================================================

--- Page 1 ---
06/06/2017 07:46
BANQUE DES ETATS DE L'AFRIQUE CENTRALE
SITUATION COMPTABLE : OCTOBRE 2013
ACTIF
N°
POSTES OU LIGNES ZONE SCES CX CAMEROUN RCA CONGO GABON GUINEE EQUAT. TCHAD
LIGNES
10 DISPONIBILITES EXTERIEURES 7 950 173 114 459 245 892 937 063 1 583 624 958 405 92 351 988 996 2 527 393 647 859 1 016 808 487 129 2 047 656 060 514 436 445 034 493
15 Avoirs Extérieurs à vue 4 402 313 609 983 245 892 937 063 863 876 898 457 50 441 841 489 1 377 734 903 502 508 099 754 815 1 117 895 868 043 238 371 406 613
20 Billets Etrangers 12 320 844 051 354 003 535 2 391 573 300 278 487 029 1 677 957 671 1 285 429 885 5 041 514 831 1 291 877 800
30 Correspondants Hors Zone d'Emission -40 568 600 511 -40 568 600 511 0 0 0 0 0 0
40 Trésor Français 4 430 561 366 443 286 107 534 039 861 485 325 157 50 163 354 460 1 376 056 945 831 506 814 324 930 1 112 854 353 212 237 079 528 813
50 Compte d'Opérations 4 221 885 767 371 286 107 534 039 818 109 048 121 47 637 600 977 1 306 771 707 055 481 295 934 864 1 056 821 502 372 225 142 439 942
60 Compte Spécial de Nivellement 208 675 599 072 0 43 376 277 036 2 525 753 482 69 285 238 776 25 518 390 067 56 032 850 840 11 937 088 871
70 Autres avoirs extérieurs (SDM) 3 547 859 504 476 0 719 748 059 948 41 910 147 507 1 149 658 744 357 508 708 732 314 929 760 192 471 198 073 627 880
80 Comptes Courants Chez Correspondants Etrangers 3 547 859 504 476 0 719 748 059 948 41 910 147 507 1 149 658 744 357 508 708 732 314 929 760 192 471 198 073 627 880
90 Opérations sur le Marché Financier 0 0 0 0 0 0 0 0
100 ENCAISSE–OR 113 430 055 388 64 998 948 752 19 045 817 124 7 074 323 438 7 074 433 437 8 162 383 417 0 7 074 149 220
110 FONDS MONETAIRE INTERNATIONAL 278 008 831 352 1 874 290 914 42 346 020 112 10 664 119 743 65 597 729 462 122 958 437 326 24 208 564 403 10 359 669 392
120 Quotes-Parts en Devises 96 711 986 227 0 31 116 090 233 8 321 128 150 13 655 761 089 24 737 565 395 8 561 213 347 10 320 228 013
130 Avoirs en D.T.S. 181 296 845 125 1 874 290 914 11 229 929 879 2 342 991 593 51 941 968 373 98 220 871 931 15 647 351 056 39 441 379
140 CREANCES SUR LES BANQUES 11 546 475 694 0 496 000 000 0 9 250 475 694 0 0 1 800 000 000
150 Concours du Marché Monetaire : Guichet A 2 296 000 000 0 496 000 000 0 0 0 0 1 800 000 000
160 Appels d'Offres 2 296 000 000 0 496 000 000 0 0 0 0 1 800 000 000
170 Pensions et Autres 0 0 0 0 0 0 0 0
180 Avances à Moyen Terme Irrévocables : Guichet B 9 250 475 694 0 0 0 9 250 475 694 0 0 0
190 Créances Impayées 0 0 0 0 0 0 0 0
200 CREANCES SUR LES TRESORS NATIONAUX 544 266 113 708 0 184 890 724 73 404 622 305 184 890 724 242 684 890 724 184 890 722 227 621 928 509
210 Avances en Comptes Courants (Art. 18) 456 927 143 144 0 0 21 315 233 593 0 242 500 000 000 0 193 111 909 551
220 Avances Exceptionnelles 4 780 611 401 0 184 890 724 3 856 157 783 184 890 724 184 890 724 184 890 722 184 890 724
230 Crédits à l'Economie Consolidés sur l'Etat 82 558 359 163 0 0 48 233 230 929 0 0 0 34 325 128 234
CONTREPARTIE DES ALLOCATIONS DE DTS VERSEES AUX ETATS 163 056 270 705
239 101 814 221 370 30 538 783 755 0 0 0 30 703 265 580
240 VALEURS IMMOBILISEES 249 195 665 340 225 287 766 210 7 354 125 417 2 360 602 054 4 612 597 488 2 891 942 790 2 609 633 377 4 078 998 004
250 Immobilisations Financières 54 401 499 331 36 519 414 110 6 075 430 905 1 547 451 142 3 005 103 957 2 326 189 130 2 194 041 739 2 733 868 348
260 Créances sur le Personnel 29 549 189 554 11 736 697 821 6 044 445 708 1 542 414 967 2 995 102 611 2 325 976 930 2 194 041 739 2 710 509 778
270 Créances sur les Autres Banques Centrales 0 0 0 0 0 0 0 0
280 Titres de Participations 22 476 329 465 22 476 329 465 0 0 0 0 0 0
290 Autres Immobilisations Financières 2 375 980 312 2 306 386 824 30 985 197 5 036 175 10 001 346 212 200 0 23 358 570
300 Immobilisations Incorporelles 11 606 751 162 11 606 751 162 0 0 0 0 0 0
310 Immobilisations Corporelles 181 671 078 315 175 645 264 406 1 278 694 512 813 150 912 1 607 493 531 565 753 660 415 591 638 1 345 129 656
320 Autres immobilisations 1 516 336 532 1 516 336 532 0 0 0 0 0 0
330 AUTRES ACTIFS 40 710 451 185 40 710 451 185 0 0 0 0 0 0
340 DEBITEURS DIVERS 24 849 992 605 2 895 774 751 6 861 665 587 3 051 240 360 2 794 513 162 6 211 121 621 206 388 023 2 829 289 101
350 Avances Diverses au Personnel 4 294 879 610 3 156 074 624 255 619 655 239 101 826 181 650 511 194 633 169 34 034 755 233 765 070
360 Autres Débiteurs Divers 922 603 242 -389 872 582 -520 072 9 590 17 089 837 1 224 304 192 69 076 921 2 515 356
370 Comptes de Régularisations - Actif 19 632 509 753 129 572 709 6 606 566 004 2 812 128 944 2 595 772 814 4 792 184 260 103 276 347 2 593 008 675
380 TOTAL DE L'ACTIF 9 375 236 970 436 581 660 168 875 1 761 727 698 739 219 445 680 651 2 616 908 287 826 1 399 717 263 007 2 074 865 537 039 720 912 334 299
TOTAL ACTIF ANNEE PRECEDENTE 9 816 055 859 082 608 257 549 490 1 743 906 691 134 203 394 374 509 2 904 687 015 879 1 478 667 865 476 2 057 407 604 784 819 734 757 810