Source PDF : Situation_Comptable_de_la_BEAC_Juin_2014_217c5899.pdf
Chemin original : scraping\beac_data\Publications\Situations Comptables\Situation_Comptable_de_la_BEAC_Juin_2014_217c5899.pdf
Date extraction : 15/06/2026 21:21:55
======================================================================

--- Page 1 ---
06/06/2017 07:39
BANQUE DES ETATS DE L'AFRIQUE CENTRALE
SITUATION COMPTABLE : JUIN 2014
ACTIF
N°
POSTES OU LIGNES ZONE SCES CX CAMEROUN RCA CONGO GABON GUINEE EQUAT. TCHAD
LIGNES
10 DISPONIBILITES EXTERIEURES 8 273 772 894 740 233 323 729 579 1 580 912 888 863 120 964 523 860 2 616 473 862 691 1 342 584 783 598 1 917 595 582 119 461 917 524 030
15 Avoirs Extérieurs à vue 4 039 902 465 887 233 323 729 579 749 228 752 401 57 957 228 961 1 235 133 390 182 632 586 821 864 911 407 103 018 220 265 439 881
20 Billets Etrangers 38 194 936 312 -9 713 923 085 9 854 822 458 1 943 233 740 7 110 527 929 6 668 094 588 16 897 399 826 5 434 780 856
30 Correspondants Hors Zone d'Emission -23 784 985 260 -23 784 985 260 0 0 0 0 0 0
40 Trésor Français 4 025 492 514 835 266 822 637 924 739 373 929 943 56 013 995 221 1 228 022 862 253 625 918 727 276 894 509 703 192 214 830 659 025
50 Compte d'Opérations 3 956 716 918 514 266 822 637 924 725 844 972 998 54 989 059 259 1 205 552 678 009 614 465 757 176 878 142 094 366 210 899 718 781
60 Compte Spécial de Nivellement 68 775 596 321 0 13 528 956 945 1 024 935 961 22 470 184 244 11 452 970 100 16 367 608 826 3 930 940 244
70 Autres avoirs extérieurs (SDM) 4 233 870 428 853 0 831 684 136 462 63 007 294 899 1 381 340 472 509 709 997 961 734 1 006 188 479 101 241 652 084 149
80 Comptes Courants Chez Correspondants Etrangers 4 233 870 428 853 0 831 684 136 462 63 007 294 899 1 381 340 472 509 709 997 961 734 1 006 188 479 101 241 652 084 149
90 Opérations sur le Marché Financier 0 0 0 0 0 0 0 0
100 ENCAISSE–OR 112 387 478 200 64 401 519 605 18 870 760 044 7 009 300 740 7 009 409 727 8 087 359 960 0 7 009 128 124
110 FONDS MONETAIRE INTERNATIONAL 280 928 762 603 4 388 742 064 42 489 788 538 10 158 642 006 65 760 413 325 123 431 583 483 24 300 507 190 10 399 085 997
120 Quotes-Parts en Devises 97 084 711 972 0 31 236 010 921 8 353 197 584 13 708 390 075 24 832 903 396 8 594 208 064 10 360 001 932
130 Avoirs en D.T.S. 183 844 050 631 4 388 742 064 11 253 777 617 1 805 444 422 52 052 023 250 98 598 680 087 15 706 299 126 39 084 065
140 CREANCES SUR LES BANQUES 29 171 975 694 0 2 403 000 000 0 6 768 975 694 0 0 20 000 000 000
150 Concours du Marché Monetaire : Guichet A 22 403 000 000 0 2 403 000 000 0 0 0 0 20 000 000 000
160 Appels d'Offres 22 403 000 000 0 2 403 000 000 0 0 0 0 20 000 000 000
170 Pensions et Autres 0 0 0 0 0 0 0 0
180 Avances à Moyen Terme Irrévocables : Guichet B 6 768 975 694 0 0 0 6 768 975 694 0 0 0
190 Créances Impayées 0 0 0 0 0 0 0 0
200 CREANCES SUR LES TRESORS NATIONAUX 558 756 047 610 0 209 797 833 74 764 558 986 209 797 833 257 709 797 833 209 797 833 225 652 297 292
210 Avances en Comptes Courants (Art. 18) 470 004 703 432 0 0 21 720 585 879 0 257 500 000 000 0 190 784 117 553
220 Avances Exceptionnelles 4 884 227 796 0 209 797 833 3 835 238 631 209 797 833 209 797 833 209 797 833 209 797 833
230 Crédits à l'Economie Consolidés sur l'Etat 83 867 116 382 0 0 49 208 734 476 0 0 0 34 658 381 906
163 924 110 388
239 CONTREPARTIE DES ALLOCATIONS DE DTS VERSEES AUX ETATS 102 206 611 011 30 895 904 125 0 0 0 30 821 595 252
240 VALEURS IMMOBILISEES 254 378 664 010 225 098 051 041 7 311 899 055 2 218 594 082 4 890 365 313 5 460 575 113 5 266 716 211 4 132 463 195
250 Immobilisations Financières 57 759 047 595 38 972 795 571 6 147 644 631 1 531 008 475 3 450 791 636 2 291 422 325 2 379 205 339 2 986 179 618
260 Créances sur le Personnel 31 244 765 610 12 527 598 074 6 116 641 434 1 526 552 300 3 440 737 290 2 291 210 125 2 379 205 339 2 962 821 048
270 Créances sur les Autres Banques Centrales 0 0 0 0 0 0 0 0
280 Titres de Participations 24 141 810 673 24 141 810 673 0 0 0 0 0 0
290 Autres Immobilisations Financières 2 372 471 312 2 303 386 824 31 003 197 4 456 175 10 054 346 212 200 0 23 358 570
300 Immobilisations Incorporelles 10 929 278 511 10 927 522 211 0 958 800 0 352 500 445 000 0
310 Immobilisations Corporelles 182 462 782 438 171 970 177 793 1 164 254 424 686 626 807 1 439 573 677 3 168 800 288 2 887 065 872 1 146 283 577
320 Autres immobilisations 3 227 555 466 3 227 555 466 0 0 0 0 0 0
330 AUTRES ACTIFS 37 899 603 746 37 899 603 746 0 0 0 0 0 0
340 DEBITEURS DIVERS 20 368 360 242 1 817 143 942 5 761 190 455 2 666 964 016 2 289 964 715 5 326 823 538 85 877 672 2 420 395 904
350 Avances Diverses au Personnel 3 495 056 627 2 639 792 609 239 102 182 137 918 940 114 199 448 164 978 479 46 066 585 152 998 384
360 Autres Débiteurs Divers 228 852 242 -1 017 966 017 11 827 0 14 770 286 1 192 225 059 39 811 087 0
370 Comptes de Régularisations - Actif 16 644 451 373 195 317 350 5 522 076 446 2 529 045 076 2 160 994 981 3 969 620 000 0 2 267 397 520
380 TOTAL DE L'ACTIF 9 731 587 897 233 566 928 789 977 1 760 165 935 799 248 678 487 815 2 703 402 789 298 1 742 600 923 525 1 947 458 481 025 762 352 489 794
TOTAL ACTIF ANNEE PRECEDENTE 10 052 755 800 473 554 815 379 895 1 882 033 626 940 203 895 092 967 2 686 730 335 609 1 435 881 103 911 2 545 900 137 982 743 500 123 169