Source PDF : Situation_Comptable_de_la_BEAC_Janvier_2014_a915c083.pdf
Chemin original : scraping\beac_data\Publications\Situations Comptables\Situation_Comptable_de_la_BEAC_Janvier_2014_a915c083.pdf
Date extraction : 15/06/2026 21:22:11
======================================================================

--- Page 1 ---
06/06/2017 07:32
BANQUE DES ETATS DE L'AFRIQUE CENTRALE
SITUATION COMPTABLE : JANVIER 2014
ACTIF
N°
POSTES OU LIGNES ZONE SCES CX CAMEROUN RCA CONGO GABON GUINEE EQUAT. TCHAD
LIGNES
10 DISPONIBILITES EXTERIEURES 8 235 529 452 988 277 849 888 997 1 581 017 428 370 91 486 990 359 2 336 397 612 562 1 406 638 668 558 2 037 580 447 210 504 558 416 932
15 Avoirs Extérieurs à vue 3 998 549 259 464 277 849 888 997 739 346 329 404 42 840 290 094 1 092 161 163 869 654 833 621 334 955 204 877 259 236 313 088 507
20 Billets Etrangers 12 108 113 593 223 346 697 1 545 697 068 197 069 647 1 475 693 322 1 089 377 077 6 405 065 889 1 171 863 893
30 Correspondants Hors Zone d'Emission -36 895 280 526 -36 895 280 526 0 0 0 0 0 0
40 Trésor Français 4 023 336 426 397 314 521 822 826 737 800 632 336 42 643 220 447 1 090 685 470 547 653 744 244 257 948 799 811 370 235 141 224 614
50 Compte d'Opérations 3 995 198 462 127 314 521 822 826 732 203 100 496 42 319 695 671 1 082 410 678 712 648 784 429 828 941 601 474 962 233 357 259 632
60 Compte Spécial de Nivellement 28 137 964 270 0 5 597 531 840 323 524 776 8 274 791 835 4 959 814 429 7 198 336 408 1 783 964 982
70 Autres avoirs extérieurs (SDM) 4 236 980 193 524 0 841 671 098 966 48 646 700 265 1 244 236 448 693 751 805 047 224 1 082 375 569 951 268 245 328 425
80 Comptes Courants Chez Correspondants Etrangers 4 236 980 193 524 0 841 671 098 966 48 646 700 265 1 244 236 448 693 751 805 047 224 1 082 375 569 951 268 245 328 425
90 Opérations sur le Marché Financier 0 0 0 0 0 0 0 0
100 ENCAISSE–OR 108 550 847 478 62 203 010 905 18 226 558 937 6 770 020 538 6 770 125 804 7 811 277 481 0 6 769 853 813
110 FONDS MONETAIRE INTERNATIONAL 280 699 707 886 2 978 827 926 42 645 962 709 10 438 558 146 66 039 128 064 123 785 808 681 24 371 180 727 10 440 241 633
120 Quotes-Parts en Devises 97 362 748 621 0 31 325 466 363 8 377 119 941 13 747 648 932 24 904 021 259 8 618 820 639 10 389 671 487
130 Avoirs en D.T.S. 183 336 959 265 2 978 827 926 11 320 496 346 2 061 438 205 52 291 479 132 98 881 787 422 15 752 360 088 50 570 146
140 CREANCES SUR LES BANQUES 16 880 225 694 0 5 385 000 000 0 7 995 225 694 0 0 3 500 000 000
150 Concours du Marché Monetaire : Guichet A 8 885 000 000 0 5 385 000 000 0 0 0 0 3 500 000 000
160 Appels d'Offres 7 585 000 000 0 4 085 000 000 0 0 0 0 3 500 000 000
170 Pensions et Autres 1 300 000 000 0 1 300 000 000 0 0 0 0 0
180 Avances à Moyen Terme Irrévocables : Guichet B 7 995 225 694 0 0 0 7 995 225 694 0 0 0
190 Créances Impayées 0 0 0 0 0 0 0 0
200 CREANCES SUR LES TRESORS NATIONAUX 563 549 275 195 0 197 045 414 75 755 299 274 197 045 414 257 697 045 414 197 045 412 229 505 794 267
210 Avances en Comptes Courants (Art. 18) 475 473 010 705 0 0 23 322 643 758 0 257 500 000 000 0 194 650 366 947
220 Avances Exceptionnelles 4 859 483 806 0 197 045 414 3 874 256 738 197 045 414 197 045 414 197 045 412 197 045 414
230 Crédits à l'Economie Consolidés sur l'Etat 83 216 780 684 0 0 48 558 398 778 0 0 0 34 658 381 906
164 153 455 174
239 CONTREPARTIE DES ALLOCATIONS DE DTS VERSEES AUX ETATS 102 499 316 042 30 744 275 265 0 0 0 30 909 863 867
240 VALEURS IMMOBILISEES 251 202 454 581 222 059 830 766 7 272 878 686 2 254 936 839 4 581 294 119 5 835 224 063 5 160 944 163 4 037 345 945
250 Immobilisations Financières 55 991 191 526 38 011 783 363 6 069 454 521 1 513 971 188 3 090 334 467 2 270 479 835 2 256 450 174 2 778 717 978
260 Créances sur le Personnel 29 476 400 541 11 566 585 866 6 038 469 324 1 508 935 013 3 080 333 121 2 270 267 635 2 256 450 174 2 755 359 408
270 Créances sur les Autres Banques Centrales 0 0 0 0 0 0 0 0
280 Titres de Participations 24 141 810 673 24 141 810 673 0 0 0 0 0 0
290 Autres Immobilisations Financières 2 372 980 312 2 303 386 824 30 985 197 5 036 175 10 001 346 212 200 0 23 358 570
300 Immobilisations Incorporelles 10 762 621 075 10 762 176 075 0 0 0 0 445 000 0
310 Immobilisations Corporelles 182 239 661 006 171 076 890 354 1 203 424 165 740 965 651 1 490 959 652 3 564 744 228 2 904 048 989 1 258 627 967
320 Autres immobilisations 2 208 980 974 2 208 980 974 0 0 0 0 0 0
330 AUTRES ACTIFS 38 386 981 614 38 386 981 614 0 0 0 0 0
340 DEBITEURS DIVERS 23 785 088 250 1 936 780 546 6 797 265 571 3 369 089 537 2 778 017 772 5 964 343 699 189 753 373 2 749 837 752
350 Avances Diverses au Personnel 3 966 924 867 2 931 769 141 244 859 153 211 875 100 150 833 474 208 481 413 50 838 713 168 267 873
360 Autres Débiteurs Divers 44 508 792 -1 077 831 006 11 827 0 14 770 286 1 067 746 598 39 811 087 0
370 Comptes de Régularisations - Actif 19 773 654 591 82 842 411 6 552 394 591 3 157 214 437 2 612 414 012 4 688 115 688 99 103 573 2 581 569 879
380 TOTAL DE L'ACTIF 9 682 737 488 860 605 415 320 754 1 764 041 455 729 220 819 169 958 2 424 758 449 429 1 807 732 367 896 2 067 499 370 885 792 471 354 209
TOTAL ACTIF ANNEE PRECEDENTE 9 776 415 721 249 569 588 508 188 1 821 137 643 828 204 402 115 996 2 827 314 836 136 1 417 106 107 064 2 134 210 178 876 802 656 331 161