Source PDF : Situation_Comptable_de_la_BEAC_au_31_janvier_2013_aa547d30.pdf
Chemin original : scraping\beac_data\Publications\Situations Comptables\Situation_Comptable_de_la_BEAC_au_31_janvier_2013_aa547d30.pdf
Date extraction : 15/06/2026 21:22:49
======================================================================

--- Page 1 ---
06/08/2013 09:10
BANQUE DES ETATS DE L'AFRIQUE CENTRALE
SITUATION COMPTABLE : JANVIER 2013
ACTIF
N°
POSTES OU LIGNES ZONE SCES CX CAMEROUN RCA CONGO GABON GUINEE EQUAT. TCHAD
LIGNES
10 DISPONIBILITES EXTERIEURES 8 317 631 732 108 234 458 772 495 1 630 762 190 897 76 929 733 850 2 738 688 382 996 1 030 718 224 723 2 107 098 591 905 498 975 835 242
15 Avoirs Extérieurs à vue 6 586 901 449 056 234 458 772 495 1 290 982 895 458 60 932 748 664 2 167 739 377 091 767 459 842 719 1 670 225 045 440 395 102 767 189
20 Billets Etrangers 18 978 135 093 417 542 837 1 779 752 375 236 397 064 1 423 492 812 1 513 899 665 12 623 311 631 983 738 709
30 Correspondants Hors Zone d'Emission -27 988 132 156 -27 988 132 156 0 0 0 0 0 0
40 Trésor Français 6 595 911 446 119 262 029 361 814 1 289 203 143 083 60 696 351 600 2 166 315 884 279 765 945 943 054 1 657 601 733 809 394 119 028 480
50 Compte d'Opérations 5 259 274 426 789 262 029 361 814 1 017 143 030 645 47 887 620 618 1 709 158 980 287 604 308 624 291 1 307 798 588 744 310 948 220 390
60 Compte Spécial de Nivellement 1 336 637 019 330 0 272 060 112 438 12 808 730 982 457 156 903 991 161 637 318 763 349 803 145 065 83 170 808 090
70 Autres avoirs extérieurs (SDM) 1 730 730 283 052 0 339 779 295 439 15 996 985 186 570 949 005 905 263 258 382 004 436 873 546 465 103 873 068 053
80 Comptes Courants Chez Correspondants Etrangers 1 730 730 283 052 0 339 779 295 439 15 996 985 186 570 949 005 905 263 258 382 004 436 873 546 465 103 873 068 053
90 Opérations sur le Marché Financier 0 0 0 0 0 0 0 0
100 ENCAISSE–OR 142 968 283 510 81 925 271 933 24 005 522 813 8 916 542 229 8 916 680 874 10 287 943 019 0 8 916 322 642
110 FONDS MONETAIRE INTERNATIONAL 281 001 938 294 2 665 462 348 42 779 194 409 10 452 716 595 66 180 135 132 124 050 018 373 24 424 372 817 10 450 038 620
120 Quotes-Parts en Devises 97 570 075 896 0 31 392 171 788 8 394 958 441 13 776 923 605 24 957 052 659 8 637 173 825 10 411 795 578
130 Avoirs en D.T.S. 183 431 862 398 2 665 462 348 11 387 022 621 2 057 758 154 52 403 211 527 99 092 965 714 15 787 198 992 38 243 042
140 CREANCES SUR LES BANQUES 10 843 000 000 0 5 329 000 000 0 5 514 000 000 0 0 0
150 Concours du Marché Monetaire : Guichet A 5 329 000 000 0 5 329 000 000 0 0 0 0 0
160 Appels d'Offres 5 329 000 000 0 5 329 000 000 0 0 0 0 0
170 Pensions et Autres 0 0 0 0 0 0 0 0
180 Avances à Moyen Terme Irrévocables : Guichet B 5 514 000 000 0 0 0 5 514 000 000 0 0 0
190 Créances Impayées 0 0 0 0 0 0 0 0
200 CREANCES SUR LES TRESORS NATIONAUX 561 690 882 624 0 278 028 252 71 677 619 964 278 028 252 242 778 028 252 278 028 250 246 401 149 654
210 Avances en Comptes Courants (Art. 18) 476 091 167 422 0 0 20 793 413 238 0 242 500 000 000 0 212 797 754 184
220 Avances Exceptionnelles 5 016 620 602 0 278 028 252 3 626 479 344 278 028 252 278 028 252 278 028 250 278 028 252
230 Crédits à l'Economie Consolidés sur l'Etat 80 583 094 600 0 0 47 257 727 382 0 0 0 33 325 367 218
164 503 008 659
239 CONTREPARTIE DES ALLOCATIONS DE DTS VERSEES AUX ETATS 102 717 581 283 30 809 743 082 0 0 0 30 975 684 294
240 VALEURS IMMOBILISEES 238 898 415 889 214 490 917 937 8 052 266 691 2 603 477 116 4 613 742 298 2 992 761 300 2 125 751 539 4 019 499 008
250 Immobilisations Financières 49 907 652 958 33 375 709 932 6 124 515 632 1 644 315 961 2 763 679 858 1 986 829 631 1 715 794 749 2 296 807 195
260 Créances sur le Personnel 26 905 613 840 10 443 213 302 6 093 581 435 1 639 279 786 2 753 678 512 1 986 617 431 1 715 794 749 2 273 448 625
270 Créances sur les Autres Banques Centrales 0 0 0 0 0 0 0 0
280 Titres de Participations 20 626 480 673 20 626 480 673 0 0 0 0 0 0
290 Autres Immobilisations Financières 2 375 558 445 2 306 015 957 30 934 197 5 036 175 10 001 346 212 200 0 23 358 570
300 Immobilisations Incorporelles 10 649 216 752 10 649 216 752 0 0 0 0 0 0
310 Immobilisations Corporelles 178 318 220 504 170 442 665 578 1 927 751 059 959 161 155 1 850 062 440 1 005 931 669 409 956 790 1 722 691 813
320 Autres immobilisations 23 325 675 23 325 675 0 0 0 0 0 0
330 AUTRES ACTIFS 34 005 160 823 34 005 160 823 0 0 0 0 0
340 DEBITEURS DIVERS 24 873 299 342 2 042 922 652 7 213 859 483 3 012 283 160 3 123 866 584 6 279 131 397 283 434 365 2 917 801 701
350 Avances Diverses au Personnel 3 672 374 232 2 632 647 765 216 495 285 63 570 710 348 344 854 187 953 614 49 135 416 174 226 588
360 Autres Débiteurs Divers 333 547 303 -769 783 937 -275 072 9 590 17 089 837 1 014 914 608 69 076 921 2 515 356
370 Comptes de Régularisations - Actif 20 867 377 807 180 058 824 6 997 639 270 2 948 702 860 2 758 431 893 5 076 263 175 165 222 028 2 741 059 757
380 TOTAL DE L'ACTIF 9 776 415 721 249 569 588 508 188 1 821 137 643 828 204 402 115 996 2 827 314 836 136 1 417 106 107 064 2 134 210 178 876 802 656 331 161
TOTAL ACTIF ANNEE PRECEDENTE 8 921 841 597 230 579 071 999 554 1 811 241 615 857 199 898 667 733 2 739 473 039 007 1 379 837 185 147 1 459 196 887 227 753 122 202 705

--- Page 2 ---
06/08/2013 09:11
BANQUE DES ETATS DE L'AFRIQUE CENTRALE
SITUATION COMPTABLE : JANVIER 2013
PASSIF
N° LIGNE POSTES OU LIGNES ZONE SCES CX CAMEROUN RCA CONGO GABON GUINEE EQUAT. TCHAD
10 BILLETS ET PIECES EN CIRCULATION 2 380 419 592 395 0 624 908 166 865 108 514 247 667 591 862 589 187 388 938 153 930 260 343 297 807 405 853 136 939
20 TRESORS ET COMPTABLES PUBLICS NATIONAUX 3 109 871 043 464 3 090 000 000 296 979 811 584 9 375 147 194 1 447 337 280 686 383 994 273 298 812 986 504 363 156 108 026 339
30 Comptes courants 662 553 951 023 0 71 935 807 464 7 446 430 773 238 168 845 774 81 114 456 516 157 872 861 851 106 015 548 645
40 Fonds de Stabilisation des Recettes Budgétaires 513 343 465 383 0 0 0 169 168 826 380 0 327 513 174 724 16 661 464 279
50 Fonds de Réserves Pour Générations Futures 1 301 570 490 097 0 0 0 1 025 274 664 935 201 065 800 005 75 230 025 157 0
60 Dépôts spéciaux 632 403 136 961 3 090 000 000 225 044 004 120 1 928 716 421 14 724 943 597 101 814 016 777 252 370 442 631 33 431 013 415
70 BANQUES ET INSTITUTIONS FINANCIERES 3 326 066 934 211 0 854 515 447 794 12 730 844 545 707 920 701 474 534 138 710 328 1 028 514 032 745 188 247 197 325
80 Banques et Institutions Etrangères 97 215 339 244 0 34 081 807 478 9 586 393 583 13 672 885 457 25 521 198 630 4 156 938 493 10 196 115 603
90 Banques et Institutions Financières de la Zone 3 228 851 594 967 0 820 433 640 316 3 144 450 962 694 247 816 017 508 617 511 698 1 024 357 094 252 178 051 081 722
100 Comptes courants 2 255 555 301 237 0 551 320 640 316 3 144 450 962 464 474 522 287 308 760 511 698 790 773 094 252 137 082 081 722
110 Dépôts et placements sur marché monétaire 55 293 730 0 0 0 55 293 730 0 0 0
120 Comptes de Réserves Obligatoires 973 241 000 000 0 269 113 000 000 0 229 718 000 000 199 857 000 000 233 584 000 000 40 969 000 000
130 Autres Comptes des Etablissements de Crédit 0 0 0 0 0 0 0 0
140 AUTRES COMPTES COURANTS 78 704 480 215 10 471 857 581 24 883 982 731 3 671 534 800 23 506 821 150 4 005 591 380 10 582 795 564 1 581 897 009
150 FMI : ALLOCATION DES D.T.S. 404 386 383 130 0 132 269 798 864 39 821 966 293 59 460 644 705 109 476 456 383 23 347 734 894 40 009 781 991
160 EMPRUNTS ET DETTES A LONG ET MOYEN TERME 10 512 689 265 10 512 689 265 0 0 0 0 0 0
170 AUTRES PASSIFS 0 0 0 0 0 0 0 0
180 PROVISIONS 14 837 514 150 14 837 514 150 0 0 0 0 0 0
190 REPORT A NOUVEAU 0 0 0 0 0 0 0 0
200 RESERVES 324 432 100 887 411 999 654 048 -112 468 246 972 23 897 716 245 -2 307 550 546 -4 150 364 654 -1 911 356 753 9 372 249 519
210 CAPITAL ET PRIME D'AUGMENTATION 91 507 313 350 91 507 313 350 0 0 0 0 0 0
220 CREDITEURS DIVERS 15 231 481 864 6 022 071 432 159 586 746 6 579 507 293 403 031 393 297 512 243 153 638 107 1 616 134 650
230 TRANSFERTS NON DENOUES 53 713 210 12 639 394 5 968 099 2 504 870 6 273 291 26 327 556 0 0
240 COMPTES DE REGULARISATIONS - PASSIF 1 835 279 448 943 918 730 419 999 049 16 950 318 278 680 103 4 333 964 116 641 418 54 755 866
250 RESULTAT EN INSTANCE D'AFFECTATION 17 950 874 583 17 950 874 583 0 0 0 0 0 0
260 COMPTE DE RESULTAT 606 321 077 2 239 975 655 -536 870 932 -208 303 229 -1 153 635 307 375 112 636 76 890 731 -186 848 477
270 TOTAL DU PASSIF 9 776 415 721 249 569 588 508 188 1 821 137 643 828 204 402 115 996 2 827 314 836 136 1 417 106 107 064 2 134 210 178 876 802 656 331 161
TOTAL PASSIF ANNEE PRECEDENTE 8 921 841 597 230 579 071 999 554 1 811 241 615 857 199 898 667 733 2 739 473 039 007 1 379 837 185 147 1 459 196 887 227 753 122 202 705
TAUX DE COUVERTURE 100,55 96,45 71,65 100,41 91,91 103,73 78,78
TAUX DE COUVERTURE DU MOIS ANTERIEUR 98,42 93,97 70,22 101,23 89,51 100,88 72,17