Source PDF : Situation_Comptable_de_la_BEAC_Novembre_2015_a9d92691.pdf
Chemin original : scraping\beac_data\Publications\Situations Comptables\Situation_Comptable_de_la_BEAC_Novembre_2015_a9d92691.pdf
Date extraction : 15/06/2026 21:21:09
======================================================================

--- Page 1 ---
06/06/2017 07:54
BANQUE DES ETATS DE L'AFRIQUE CENTRALE
SITUATION COMPTABLE : NOVEMBRE 2015
ACTIF
N°
POSTES OU LIGNES ZONE SCES CX CAMEROUN RCA CONGO GABON GUINEE EQUAT. TCHAD
LIGNES
10 DISPONIBILITES EXTERIEURES 5 882 298 302 300 373 886 648 193 2 065 209 438 679 132 100 111 043 1 340 910 136 245 1 103 194 307 803 741 054 816 387 125 942 843 950
15 Avoirs Extérieurs à vue 3 354 967 259 297 373 886 648 193 1 112 146 511 455 77 407 797 082 727 450 948 411 583 292 897 635 412 155 210 874 68 627 245 647
20 Billets Etrangers 107 666 078 953 1 463 371 072 21 983 418 199 14 847 875 316 25 744 327 900 4 617 727 217 35 942 684 843 3 066 674 406
30 Correspondants Hors Zone d'Emission -5 580 332 138 -5 580 332 138 0 0 0 0 0 0
40 Trésor Français 3 252 881 512 482 378 003 609 259 1 090 163 093 256 62 559 921 766 701 706 620 511 578 675 170 418 376 212 526 031 65 560 571 241
50 Compte d'Opérations 3 252 881 512 481 378 003 609 259 1 090 163 093 256 62 559 921 766 701 706 620 510 578 675 170 418 376 212 526 031 65 560 571 241
60 Compte Spécial de Nivellement 1 0 0 0 0 0 0 0
70 Autres avoirs extérieurs (SDM) 2 527 331 043 003 0 953 062 927 224 54 692 313 961 613 459 187 834 519 901 410 168 328 899 605 513 57 315 598 303
80 Comptes Courants Chez Correspondants Etrangers 2 527 331 043 003 0 953 062 927 224 54 692 313 961 613 459 187 834 519 901 410 168 328 899 605 513 57 315 598 303
90 Opérations sur le Marché Financier 0 0 0 0 0 0 0 0
100 ENCAISSE–OR 133 154 852 182 82 911 915 573 19 758 329 902 7 338 977 132 7 339 091 246 8 467 741 935 0 7 338 796 394
110 FONDS MONETAIRE INTERNATIONAL 315 655 918 291 67 218 127 48 914 473 159 9 902 388 798 75 563 392 582 141 445 698 718 27 845 378 096 11 917 368 811
120 Quotes-Parts en Devises 111 255 331 629 0 35 795 262 541 9 572 441 928 15 709 285 766 28 457 548 532 9 848 630 632 11 872 162 230
130 Avoirs en D.T.S. 204 400 586 662 67 218 127 13 119 210 618 329 946 870 59 854 106 816 112 988 150 186 17 996 747 464 45 206 581
140 CREANCES SUR LES BANQUES 243 985 403 265 0 80 000 000 000 0 34 823 403 265 24 162 000 000 70 000 000 000 35 000 000 000
150 Concours du Marché Monetaire : Guichet A 209 162 000 000 0 80 000 000 000 0 0 24 162 000 000 70 000 000 000 35 000 000 000
160 Appels d'Offres 205 162 000 000 0 80 000 000 000 0 0 24 162 000 000 70 000 000 000 31 000 000 000
170 Pensions et Autres 4 000 000 000 0 0 0 0 0 0 4 000 000 000
180 Avances à Moyen Terme Irrévocables : Guichet B 34 823 403 265 0 0 0 34 823 403 265 0 0 0
190 Créances Impayées 0 0 0 0 0 0 0 0
200 CREANCES SUR LES TRESORS NATIONAUX 2 107 079 821 365 0 92 426 118 357 75 725 994 497 572 426 118 357 389 926 118 357 520 390 088 838 456 185 382 959
210 Avances en Comptes Courants (Art. 18) 1 877 038 023 522 0 92 000 000 000 22 458 170 345 572 000 000 000 389 500 000 000 519 963 970 481 281 115 882 696
220 Avances Exceptionnelles 146 174 681 461 0 426 118 357 4 059 089 676 426 118 357 426 118 357 426 118 357 140 411 118 357
230 Crédits à l'Economie Consolidés sur l'Etat 83 867 116 382 0 0 49 208 734 476 0 0 0 34 658 381 906
189 589 776 277
239 CONTREPARTIE DES ALLOCATIONS DE DTS VERSEES AUX ETATS 117 124 830 178 37 144 587 915 0 0 0 35 320 358 184
240 VALEURS IMMOBILISEES 279 266 807 554 247 756 483 409 7 815 760 658 2 667 598 900 5 095 776 011 5 109 850 541 6 267 299 533 4 554 038 502
250 Immobilisations Financières 78 614 731 150 57 008 588 311 6 637 924 818 2 081 898 900 3 999 748 793 2 499 509 245 2 885 704 772 3 501 356 311
260 Créances sur le Personnel 34 503 276 944 12 966 306 193 6 606 834 021 2 077 442 725 3 989 694 447 2 499 297 045 2 885 704 772 3 477 997 741
270 Créances sur les Autres Banques Centrales 0 0 0 0 0 0 0 0
280 Titres de Participations 43 562 463 280 43 562 463 280 0 0 0 0 0 0
290 Autres Immobilisations Financières 548 990 926 479 818 838 31 090 797 4 456 175 10 054 346 212 200 0 23 358 570
300 Immobilisations Incorporelles 13 203 785 003 13 202 556 303 0 959 600 -606 900 876 000 0 0
310 Immobilisations Corporelles 182 464 663 740 172 564 925 134 1 177 835 840 581 526 400 1 096 634 118 2 609 465 296 3 381 594 761 1 052 682 191
320 Autres immobilisations 4 983 627 661 4 980 413 661 0 3 214 000 0 0 0 0
330 AUTRES ACTIFS 30 321 112 729 30 321 112 729 0 0 0 0 0 0
340 DEBITEURS DIVERS 29 861 722 723 1 887 186 868 7 720 383 714 3 429 996 675 6 257 258 897 6 446 835 057 605 914 472 3 514 147 040
350 Avances Diverses au Personnel 3 914 443 457 2 865 964 990 277 320 247 47 218 131 236 237 083 227 846 693 53 825 577 206 030 736
360 Autres Débiteurs Divers 240 785 565 -1 206 650 157 10 048 025 0 8 566 868 1 428 192 620 0 628 209
370 Comptes de Régularisations - Actif 25 706 493 701 227 872 035 7 433 015 442 3 382 778 544 6 012 454 946 4 790 795 744 552 088 895 3 307 488 095
380 TOTAL DE L'ACTIF 9 211 213 716 686 736 830 564 899 2 438 969 334 647 268 309 654 960 2 042 415 176 603 1 678 752 552 411 1 366 163 497 326 679 772 935 840
TOTAL ACTIF ANNEE PRECEDENTE 9 868 155 385 094 578 127 586 608 1 778 724 493 418 262 489 343 226 2 738 112 209 120 1 625 766 642 956 2 106 712 972 098 778 222 137 668