Source PDF : Situation_Comptable_de_la_BEAC_Mai_2016_2bf9cff0.pdf
Chemin original : scraping\beac_data\Publications\Situations Comptables\Situation_Comptable_de_la_BEAC_Mai_2016_2bf9cff0.pdf
Date extraction : 15/06/2026 21:20:53
======================================================================

--- Page 1 ---
06/06/2017 07:57
BANQUE DES ETATS DE L'AFRIQUE CENTRALE
SITUATION COMPTABLE : MAI 2016
ACTIF
N°
POSTES OU LIGNES ZONE SCES CX CAMEROUN RCA CONGO GABON GUINEE EQUAT. TCHAD
LIGNES
10 DISPONIBILITES EXTERIEURES 4 469 076 067 510 259 288 198 387 1 706 739 231 602 128 351 781 110 1 033 446 020 971 832 865 184 182 583 895 363 071 -75 509 711 813
15 Avoirs Extérieurs à vue 1 946 381 079 207 259 288 198 387 663 674 688 173 58 370 510 585 397 424 806 102 341 500 553 788 241 610 838 574 -15 488 516 402
20 Billets Etrangers 162 034 776 221 4 115 992 148 28 055 763 018 15 725 575 300 9 848 482 548 50 171 254 723 33 030 724 401 21 086 984 083
30 Correspondants Hors Zone d'Emission -11 210 794 654 -11 210 794 654 0 0 0 0 0 0
40 Trésor Français 1 795 557 097 640 266 383 000 893 635 618 925 155 42 644 935 285 387 576 323 554 291 329 299 065 208 580 114 173 -36 575 500 485
50 Compte d'Opérations 1 795 557 097 639 266 383 000 893 635 618 925 155 42 644 935 285 387 576 323 553 291 329 299 065 208 580 114 173 -36 575 500 485
60 Compte Spécial de Nivellement 1 0 0 0 0 0 0 0
70 Autres avoirs extérieurs (SDM) 2 522 694 988 303 0 1 043 064 543 429 69 981 270 525 636 021 214 869 491 364 630 394 342 284 524 497 -60 021 195 411
80 Comptes Courants Chez Correspondants Etrangers 2 522 694 988 303 0 1 043 064 543 429 69 981 270 525 636 021 214 869 491 364 630 394 342 284 524 497 -60 021 195 411
90 Opérations sur le Marché Financier 0 0 0 0 0 0 0 0
100 ENCAISSE–OR 144 088 866 050 89 720 339 929 21 380 742 208 7 941 601 284 7 941 724 768 9 163 052 155 0 7 941 405 706
110 FONDS MONETAIRE INTERNATIONAL 372 761 080 128 3 169 731 66 055 891 029 20 835 773 303 73 269 893 389 137 152 264 519 48 697 726 300 26 746 361 857
120 Quotes-Parts en Devises 187 599 571 119 0 53 334 748 662 20 770 610 657 15 232 956 418 40 320 623 956 31 248 061 774 26 692 569 652
130 Avoirs en D.T.S. 185 161 509 009 3 169 731 12 721 142 367 65 162 646 58 036 936 971 96 831 640 563 17 449 664 526 53 792 205
140 CREANCES SUR LES BANQUES 272 865 151 122 0 56 428 000 000 0 30 987 151 122 0 20 000 000 000 165 450 000 000
150 Concours du Marché Monetaire : Guichet A 241 878 000 000 0 56 428 000 000 0 0 0 20 000 000 000 165 450 000 000
160 Appels d'Offres 234 378 000 000 0 56 428 000 000 0 0 0 20 000 000 000 157 950 000 000
170 Pensions et Autres 7 500 000 000 0 0 0 0 0 0 7 500 000 000
180 Avances à Moyen Terme Irrévocables : Guichet B 30 987 151 122 0 0 0 30 987 151 122 0 0 0
190 Créances Impayées 0 0 0 0 0 0 0 0
200 CREANCES SUR LES TRESORS NATIONAUX 2 372 868 739 796 0 201 209 797 833 75 781 415 195 572 209 797 833 452 709 797 833 610 974 259 781 459 983 671 321
210 Avances en Comptes Courants (Art. 18) 2 144 072 487 921 0 201 000 000 000 22 684 537 766 572 000 000 000 452 500 000 000 610 764 461 948 285 123 488 207
220 Avances Exceptionnelles 144 929 135 493 0 209 797 833 3 888 142 953 209 797 833 209 797 833 209 797 833 140 201 801 208
230 Crédits à l'Economie Consolidés sur l'Etat 83 867 116 382 0 0 49 208 734 476 0 0 0 34 658 381 906
184 096 883 552
239 CONTREPARTIE DES ALLOCATIONS DE DTS VERSEES AUX ETATS 113 573 427 858 36 274 064 289 0 0 0 34 249 391 405
240 VALEURS IMMOBILISEES 408 023 592 736 370 725 071 373 9 539 595 539 3 288 124 788 6 288 114 079 5 758 164 172 6 852 898 787 5 571 623 998
250 Immobilisations Financières 201 921 473 097 178 020 753 003 7 242 507 623 2 375 357 587 4 793 380 870 2 562 675 622 3 057 596 022 3 869 202 370
260 Créances sur le Personnel 38 641 909 761 14 810 595 885 7 211 182 696 2 370 901 412 4 783 326 524 2 562 463 422 3 057 596 022 3 845 843 800
270 Créances sur les Autres Banques Centrales 0 0 0 0 0 0 0 0
280 Titres de Participations 42 730 338 280 42 730 338 280 0 0 0 0 0 0
290 Autres Immobilisations Financières 120 549 225 056 120 479 818 838 31 324 927 4 456 175 10 054 346 212 200 0 23 358 570
300 Immobilisations Incorporelles 14 080 985 588 14 079 656 188 0 453 400 0 876 000 0 0
310 Immobilisations Corporelles 185 285 050 924 171 888 079 055 2 297 087 916 912 313 801 1 494 733 209 3 195 112 550 3 795 302 765 1 702 421 628
320 Autres immobilisations 6 736 083 127 6 736 583 127 0 0 0 -500 000 0 0
330 AUTRES ACTIFS 24 655 494 369 24 655 494 369 0 0 0 0 0 0
340 DEBITEURS DIVERS 26 821 029 895 1 663 806 026 7 585 112 290 3 261 683 439 3 538 275 795 6 731 932 181 280 642 420 3 759 577 744
350 Avances Diverses au Personnel 4 020 161 569 3 164 867 835 214 905 459 48 133 187 157 255 569 180 292 213 32 513 972 222 193 334
360 Autres Débiteurs Divers -196 372 792 -1 715 677 103 1 538 235 0 2 761 788 1 515 004 288 0 0
370 Comptes de Régularisations - Actif 22 997 241 118 214 615 294 7 368 668 596 3 213 550 252 3 378 258 438 5 036 635 680 248 128 448 3 537 384 410
380 TOTAL DE L'ACTIF 8 275 256 905 158 746 056 079 815 2 182 511 798 359 275 734 443 408 1 727 680 977 957 1 444 380 395 042 1 270 700 890 359 628 192 320 218
TOTAL ACTIF ANNEE PRECEDENTE 9 443 702 342 882 681 297 799 539 1 862 672 266 731 263 527 793 062 2 644 385 616 260 1 520 709 361 092 1 737 179 726 904 733 929 779 294