Source PDF : Situation_Comptable_de_la_BEAC_Avril_2016_ee25ad74.pdf
Chemin original : scraping\beac_data\Publications\Situations Comptables\Situation_Comptable_de_la_BEAC_Avril_2016_ee25ad74.pdf
Date extraction : 15/06/2026 21:20:57
======================================================================

--- Page 1 ---
06/06/2017 07:55
BANQUE DES ETATS DE L'AFRIQUE CENTRALE
SITUATION COMPTABLE : AVRIL 2016
ACTIF
N°
POSTES OU LIGNES ZONE SCES CX CAMEROUN RCA CONGO GABON GUINEE EQUAT. TCHAD
LIGNES
10 DISPONIBILITES EXTERIEURES 4 728 737 897 278 305 717 032 312 1 746 221 815 781 124 967 161 717 1 103 882 967 817 840 837 729 701 638 931 344 067 -31 820 154 117
15 Avoirs Extérieurs à vue 2 199 939 937 214 305 717 032 312 722 402 774 581 59 903 056 709 453 338 613 951 367 043 641 821 279 108 763 815 12 426 054 025
20 Billets Etrangers 194 113 474 358 4 288 558 054 28 809 139 471 15 824 906 869 12 622 623 097 54 822 931 154 35 344 347 069 42 400 968 644
30 Correspondants Hors Zone d'Emission -17 369 603 361 -17 369 603 361 0 0 0 0 0 0
40 Trésor Français 2 023 196 066 217 318 798 077 619 693 593 635 110 44 078 149 840 440 715 990 854 312 220 710 667 243 764 416 746 -29 974 914 619
50 Compte d'Opérations 2 023 196 066 216 318 798 077 619 693 593 635 109 44 078 149 840 440 715 990 854 312 220 710 667 243 764 416 746 -29 974 914 619
60 Compte Spécial de Nivellement 1 0 0 0 0 0 0 0
70 Autres avoirs extérieurs (SDM) 2 528 797 960 064 0 1 023 819 041 200 65 064 105 008 650 544 353 866 473 794 087 880 359 822 580 252 -44 246 208 142
80 Comptes Courants Chez Correspondants Etrangers 2 528 797 960 064 0 1 023 819 041 200 65 064 105 008 650 544 353 866 473 794 087 880 359 822 580 252 -44 246 208 142
90 Opérations sur le Marché Financier 0 0 0 0 0 0 0 0
100 ENCAISSE–OR 148 078 754 042 92 204 829 722 21 972 748 892 8 161 494 542 8 161 621 445 9 416 765 894 0 8 161 293 547
110 FONDS MONETAIRE INTERNATIONAL 368 625 141 244 8 689 662 65 509 653 753 20 596 323 840 72 408 184 998 135 539 596 036 48 125 238 033 26 437 454 922
120 Quotes-Parts en Devises 185 393 260 760 0 52 707 492 386 20 526 332 841 15 053 805 532 39 846 423 456 30 880 561 347 26 378 645 198
130 Avoirs en D.T.S. 183 231 880 484 8 689 662 12 802 161 367 69 990 999 57 354 379 466 95 693 172 580 17 244 676 686 58 809 724
140 CREANCES SUR LES BANQUES 240 064 403 265 0 31 439 000 000 0 34 823 403 265 10 782 000 000 10 000 000 000 153 020 000 000
150 Concours du Marché Monetaire : Guichet A 205 241 000 000 0 31 439 000 000 0 0 10 782 000 000 10 000 000 000 153 020 000 000
160 Appels d'Offres 205 231 000 000 0 31 429 000 000 0 0 10 782 000 000 10 000 000 000 153 020 000 000
170 Pensions et Autres 10 000 000 0 10 000 000 0 0 0 0 0
180 Avances à Moyen Terme Irrévocables : Guichet B 34 823 403 265 0 0 0 34 823 403 265 0 0 0
190 Créances Impayées 0 0 0 0 0 0 0 0
200 CREANCES SUR LES TRESORS NATIONAUX 2 374 054 864 808 0 201 143 222 490 75 743 047 994 572 209 797 833 452 647 647 148 612 908 454 019 459 402 695 324
210 Avances en Comptes Courants (Art. 18) 2 145 258 612 933 0 200 933 424 657 22 646 170 565 572 000 000 000 452 437 849 315 612 698 656 186 284 542 512 210
220 Avances Exceptionnelles 144 929 135 493 0 209 797 833 3 888 142 953 209 797 833 209 797 833 209 797 833 140 201 801 208
230 Crédits à l'Economie Consolidés sur l'Etat 83 867 116 382 0 0 49 208 734 476 0 0 0 34 658 381 906
181 931 767 402
239 CONTREPARTIE DES ALLOCATIONS DE DTS VERSEES AUX ETATS 112 237 719 952 35 847 454 338 0 0 0 33 846 593 112
240 VALEURS IMMOBILISEES 365 463 675 684 328 372 474 763 9 640 859 096 3 129 737 532 6 206 127 919 5 694 947 615 6 918 971 763 5 500 556 996
250 Immobilisations Financières 161 336 909 457 137 773 884 523 7 298 215 133 2 265 503 328 4 694 320 203 2 486 510 776 3 038 876 702 3 779 598 792
260 Créances sur le Personnel 38 057 346 121 14 563 727 405 7 266 890 206 2 261 047 153 4 684 265 857 2 486 298 576 3 038 876 702 3 756 240 222
270 Créances sur les Autres Banques Centrales 0 0 0 0 0 0 0 0
280 Titres de Participations 42 730 338 280 42 730 338 280 0 0 0 0 0 0
290 Autres Immobilisations Financières 80 549 225 056 80 479 818 838 31 324 927 4 456 175 10 054 346 212 200 0 23 358 570
300 Immobilisations Incorporelles 14 029 163 324 14 027 833 924 0 453 400 0 876 000 0 0
310 Immobilisations Corporelles 183 533 519 337 170 006 672 750 2 342 643 963 863 780 804 1 511 807 716 3 207 560 839 3 880 095 061 1 720 958 204
320 Autres immobilisations 6 564 083 566 6 564 083 566 0 0 0 0 0 0
330 AUTRES ACTIFS 25 475 396 627 25 475 396 627 0 0 0 0 0 0
340 DEBITEURS DIVERS 32 172 137 145 1 525 347 078 8 350 204 031 3 422 914 878 5 537 379 236 6 895 097 247 394 076 072 6 047 118 603
350 Avances Diverses au Personnel 4 031 924 176 3 175 986 420 209 673 973 46 794 694 157 269 588 197 866 857 40 455 138 203 877 506
360 Autres Débiteurs Divers -215 425 207 -1 702 101 474 1 538 235 0 12 549 940 1 471 959 883 0 628 209
370 Comptes de Régularisations - Actif 28 355 638 176 51 462 132 8 138 991 823 3 376 120 184 5 367 559 708 5 225 270 507 353 620 934 5 842 612 888
380 TOTAL DE L'ACTIF 8 464 604 037 495 753 303 770 164 2 196 515 223 995 271 868 134 841 1 803 229 482 513 1 461 813 783 641 1 317 278 083 954 660 595 558 387
TOTAL ACTIF ANNEE PRECEDENTE 9 443 702 342 882 681 297 799 539 1 862 672 266 731 263 527 793 062 2 644 385 616 260 1 520 709 361 092 1 737 179 726 904 733 929 779 294