Source PDF : Situation_Comptable_de_la_BEAC_Décembre_2015_24c11f5a.pdf
Chemin original : scraping\beac_data\Publications\Situations Comptables\Situation_Comptable_de_la_BEAC_Décembre_2015_24c11f5a.pdf
Date extraction : 15/06/2026 21:21:06
======================================================================

--- Page 1 ---
06/06/2017 07:55
BANQUE DES ETATS DE L'AFRIQUE CENTRALE
SITUATION COMPTABLE : DECEMBRE 2015
ACTIF
N°
POSTES OU LIGNES ZONE SCES CX CAMEROUN RCA CONGO GABON GUINEE EQUAT. TCHAD
LIGNES
10 DISPONIBILITES EXTERIEURES 5 899 435 464 589 439 623 750 087 2 117 150 990 034 128 195 622 454 1 279 553 317 604 1 010 840 673 219 704 350 493 297 219 720 617 894
15 Avoirs Extérieurs à vue 3 371 466 868 294 439 623 750 087 1 130 554 327 836 75 055 555 571 686 839 456 236 531 716 718 370 390 090 555 776 117 586 504 418
20 Billets Etrangers 86 091 440 038 1 562 420 570 13 309 941 493 14 878 541 306 15 636 866 876 4 560 655 687 34 215 491 020 1 927 523 086
30 Correspondants Hors Zone d'Emission -2 941 342 947 -2 941 342 947 0 0 0 0 0 0
40 Trésor Français 3 288 316 771 203 441 002 672 464 1 117 244 386 343 60 177 014 265 671 202 589 360 527 156 062 683 355 875 064 756 115 658 981 332
50 Compte d'Opérations 3 288 316 771 202 441 002 672 464 1 117 244 386 343 60 177 014 265 671 202 589 360 527 156 062 682 355 875 064 756 115 658 981 332
60 Compte Spécial de Nivellement 1 0 0 0 0 0 0 0
70 Autres avoirs extérieurs (SDM) 2 527 968 596 295 0 986 596 662 198 53 140 066 883 592 713 861 368 479 123 954 849 314 259 937 521 102 134 113 476
80 Comptes Courants Chez Correspondants Etrangers 2 527 968 596 295 0 986 596 662 198 53 140 066 883 592 713 861 368 479 123 954 849 314 259 937 521 102 134 113 476
90 Opérations sur le Marché Financier 0 0 0 0 0 0 0 0
100 ENCAISSE–OR 129 209 182 860 80 455 054 284 19 172 847 399 7 121 507 198 7 121 617 930 8 216 824 233 0 7 121 331 816
110 FONDS MONETAIRE INTERNATIONAL 309 233 870 244 65 962 147 47 779 245 086 9 717 361 264 73 848 761 546 138 802 765 842 27 325 083 269 11 694 691 090
120 Quotes-Parts en Devises 109 176 510 029 0 35 126 423 000 9 393 579 497 15 415 755 541 27 925 815 215 9 664 607 576 11 650 329 200
130 Avoirs en D.T.S. 200 057 360 215 65 962 147 12 652 822 086 323 781 767 58 433 006 005 110 876 950 627 17 660 475 693 44 361 890
140 CREANCES SUR LES BANQUES 311 888 403 265 0 94 003 000 000 0 40 823 403 265 32 562 000 000 90 000 000 000 54 500 000 000
150 Concours du Marché Monetaire : Guichet A 277 065 000 000 0 94 003 000 000 0 6 000 000 000 32 562 000 000 90 000 000 000 54 500 000 000
160 Appels d'Offres 273 557 000 000 0 93 995 000 000 0 6 000 000 000 32 562 000 000 90 000 000 000 51 000 000 000
170 Pensions et Autres 3 508 000 000 0 8 000 000 0 0 0 0 3 500 000 000
180 Avances à Moyen Terme Irrévocables : Guichet B 34 823 403 265 0 0 0 34 823 403 265 0 0 0
190 Créances Impayées 0 0 0 0 0 0 0 0
200 CREANCES SUR LES TRESORS NATIONAUX 2 214 090 215 072 0 138 367 898 504 75 854 274 471 572 496 606 723 452 872 323 162 517 139 421 379 457 359 690 833
210 Avances en Comptes Courants (Art. 18) 1 983 909 600 801 0 137 933 424 657 22 496 414 716 572 062 132 876 452 437 849 315 516 704 947 532 282 274 831 705
220 Avances Exceptionnelles 146 313 497 889 0 434 473 847 4 149 125 279 434 473 847 434 473 847 434 473 847 140 426 477 222
230 Crédits à l'Economie Consolidés sur l'Etat 83 867 116 382 0 0 49 208 734 476 0 0 0 34 658 381 906
186 047 264 506
239 CONTREPARTIE DES ALLOCATIONS DE DTS VERSEES AUX ETATS 114 936 336 169 36 450 536 039 0 0 0 34 660 392 298
240 VALEURS IMMOBILISEES 283 841 098 953 247 632 294 549 9 316 736 434 3 307 224 236 6 075 554 010 5 600 323 035 6 658 099 295 5 250 867 394
250 Immobilisations Financières 78 110 476 209 56 159 983 381 6 942 364 155 2 087 870 084 4 191 465 295 2 436 721 076 2 809 695 129 3 482 377 089
260 Créances sur le Personnel 34 831 147 003 12 949 826 263 6 911 273 358 2 083 413 909 4 181 410 949 2 436 508 876 2 809 695 129 3 459 018 519
270 Créances sur les Autres Banques Centrales 0 0 0 0 0 0 0 0
280 Titres de Participations 42 730 338 280 42 730 338 280 0 0 0 0 0 0
290 Autres Immobilisations Financières 548 990 926 479 818 838 31 090 797 4 456 175 10 054 346 212 200 0 23 358 570
300 Immobilisations Incorporelles 14 060 552 887 14 059 830 387 0 453 400 -606 900 876 000 0 0
310 Immobilisations Corporelles 185 637 967 400 171 380 378 324 2 374 372 279 1 218 900 752 1 884 695 615 3 162 725 959 3 848 404 166 1 768 490 305
320 Autres immobilisations 6 032 102 457 6 032 102 457 0 0 0 0 0 0
330 AUTRES ACTIFS 25 485 247 103 25 485 247 103 0 0 0 0 0 0
340 DEBITEURS DIVERS 30 459 968 538 2 966 696 905 8 814 428 441 3 713 694 434 3 394 524 258 7 125 406 731 715 061 649 3 730 156 120
350 Avances Diverses au Personnel 3 867 890 572 2 868 463 897 260 999 162 55 733 967 206 897 933 207 545 857 39 561 477 228 688 279
360 Autres Débiteurs Divers 20 351 166 -1 420 210 271 540 325 0 8 566 868 1 430 826 035 0 628 209
370 Comptes de Régularisations - Actif 26 571 726 800 1 518 443 279 8 552 888 954 3 657 960 467 3 179 059 457 5 487 034 839 675 500 172 3 500 839 632
380 TOTAL DE L'ACTIF 9 389 690 715 130 796 229 005 075 2 549 541 482 067 264 360 220 096 1 983 313 785 336 1 656 020 316 222 1 346 188 158 889 794 037 747 445
TOTAL ACTIF ANNEE PRECEDENTE 10 360 574 570 097 597 020 900 926 1 914 183 263 763 270 459 870 821 3 070 317 633 356 1 653 877 452 502 1 982 177 020 349 872 538 428 380