Source PDF : Situation_Comptable_de_la_BEAC_Mars_2015_71690899.pdf
Chemin original : scraping\beac_data\Publications\Situations Comptables\Situation_Comptable_de_la_BEAC_Mars_2015_71690899.pdf
Date extraction : 15/06/2026 21:21:30
======================================================================

--- Page 1 ---
06/06/2017 07:50
BANQUE DES ETATS DE L'AFRIQUE CENTRALE
SITUATION COMPTABLE : MARS 2015
ACTIF
N°
POSTES OU LIGNES ZONE SCES CX CAMEROUN RCA CONGO GABON GUINEE EQUAT. TCHAD
LIGNES
10 DISPONIBILITES EXTERIEURES 6 720 281 732 609 237 835 433 131 1 592 525 738 467 134 635 548 921 2 037 848 675 176 1 063 696 631 274 1 216 840 533 100 436 899 172 540
15 Avoirs Extérieurs à vue 2 521 482 733 734 237 835 433 131 558 002 052 819 53 377 506 247 709 573 829 268 361 081 220 907 436 446 956 978 165 165 734 385
20 Billets Etrangers 105 079 742 877 721 493 692 18 207 939 608 10 978 657 680 16 506 137 832 6 032 006 588 29 252 936 945 23 380 570 532
30 Correspondants Hors Zone d'Emission -365 634 004 013 -365 634 004 013 0 0 0 0 0 0
40 Trésor Français 2 782 036 994 870 602 747 943 452 539 794 113 211 42 398 848 567 693 067 691 436 355 049 214 319 407 194 020 033 141 785 163 853
50 Compte d'Opérations 2 782 036 994 869 602 747 943 452 539 794 113 211 42 398 848 567 693 067 691 436 355 049 214 318 407 194 020 033 141 785 163 852
60 Compte Spécial de Nivellement 1 0 0 0 0 0 0 0
70 Autres avoirs extérieurs (SDM) 4 198 798 998 875 0 1 034 523 685 648 81 258 042 674 1 328 274 845 908 702 615 410 367 780 393 576 122 271 733 438 155
80 Comptes Courants Chez Correspondants Etrangers 4 198 798 998 875 0 1 034 523 685 648 81 258 042 674 1 328 274 845 908 702 615 410 367 780 393 576 122 271 733 438 155
90 Opérations sur le Marché Financier 0 0 0 0 0 0 0 0
100 ENCAISSE–OR 146 401 494 571 91 160 240 569 21 723 947 573 8 069 080 495 8 069 205 962 9 310 138 193 0 8 068 881 779
110 FONDS MONETAIRE INTERNATIONAL 316 839 867 797 4 113 820 333 48 596 154 135 10 283 920 463 74 697 024 001 139 823 924 483 27 526 875 009 11 798 149 373
120 Quotes-Parts en Devises 109 978 054 660 0 35 384 311 769 9 462 544 636 15 528 933 880 28 130 839 054 9 735 562 531 11 735 862 790
130 Avoirs en D.T.S. 206 861 813 137 4 113 820 333 13 211 842 366 821 375 827 59 168 090 121 111 693 085 429 17 791 312 478 62 286 583
140 CREANCES SUR LES BANQUES 157 585 201 694 0 21 192 000 000 1 000 000 000 42 043 201 694 7 000 000 000 60 000 000 000 26 350 000 000
150 Concours du Marché Monetaire : Guichet A 115 542 000 000 0 21 192 000 000 1 000 000 000 0 7 000 000 000 60 000 000 000 26 350 000 000
160 Appels d'Offres 114 042 000 000 0 21 192 000 000 1 000 000 000 0 7 000 000 000 60 000 000 000 24 850 000 000
170 Pensions et Autres 1 500 000 000 0 0 0 0 0 0 1 500 000 000
180 Avances à Moyen Terme Irrévocables : Guichet B 42 043 201 694 0 0 0 42 043 201 694 0 0 0
190 Créances Impayées 0 0 0 0 0 0 0 0
200 CREANCES SUR LES TRESORS NATIONAUX 1 436 915 267 743 0 90 034 966 306 75 223 021 211 350 034 966 306 277 534 966 306 418 342 031 040 225 745 316 574
210 Avances en Comptes Courants (Art. 18) 1 348 989 061 682 0 90 000 000 000 22 130 028 586 350 000 000 000 277 500 000 000 418 307 064 734 191 051 968 362
220 Avances Exceptionnelles 4 059 089 679 0 34 966 306 3 884 258 149 34 966 306 34 966 306 34 966 306 34 966 306
230 Crédits à l'Economie Consolidés sur l'Etat 83 867 116 382 0 0 49 208 734 476 0 0 0 34 658 381 906
186 918 214 846
239 CONTREPARTIE DES ALLOCATIONS DE DTS VERSEES AUX ETATS 115 780 167 898 36 223 187 353 0 0 0 34 914 859 595
240 VALEURS IMMOBILISEES 253 011 297 132 221 777 755 347 7 475 083 314 2 590 534 756 4 977 637 586 5 295 804 337 6 455 612 211 4 438 869 581
250 Immobilisations Financières 58 211 670 129 37 774 760 399 6 374 988 810 1 968 378 343 3 724 720 601 2 370 147 915 2 699 920 172 3 298 753 889
260 Créances sur le Personnel 33 533 468 530 13 165 730 888 6 343 898 013 1 963 922 168 3 714 666 255 2 369 935 715 2 699 920 172 3 275 395 319
270 Créances sur les Autres Banques Centrales 0 0 0 0 0 0 0 0
280 Titres de Participations 24 141 810 673 24 141 810 673 0 0 0 0 0 0
290 Autres Immobilisations Financières 536 390 926 467 218 838 31 090 797 4 456 175 10 054 346 212 200 0 23 358 570
300 Immobilisations Incorporelles 11 768 291 036 11 767 331 436 0 959 600 0 0 0 0
310 Immobilisations Corporelles 178 396 527 850 167 604 069 395 1 100 094 504 617 982 813 1 252 916 985 2 925 656 422 3 755 692 039 1 140 115 692
320 Autres immobilisations 4 634 808 117 4 631 594 117 0 3 214 000 0 0 0 0
330 AUTRES ACTIFS 37 589 557 591 37 589 557 591 0 0 0 0 0 0
340 DEBITEURS DIVERS 15 792 636 507 1 917 981 435 4 113 212 405 2 417 405 346 1 440 819 619 3 549 663 578 88 535 963 2 265 018 161
350 Avances Diverses au Personnel 3 838 300 482 2 897 857 122 335 321 761 66 941 175 113 150 564 192 137 055 48 834 545 184 058 260
360 Autres Débiteurs Divers 175 151 540 -1 146 586 521 -7 810 586 0 8 566 868 1 281 280 361 39 701 418 0
370 Comptes de Régularisations - Actif 11 779 184 485 166 710 834 3 785 701 230 2 350 464 171 1 319 102 187 2 076 246 162 0 2 080 959 901
380 TOTAL DE L'ACTIF 9 271 335 270 490 594 394 788 406 1 901 441 270 098 270 442 698 545 2 519 111 530 344 1 506 211 128 171 1 729 253 587 323 750 480 267 603
TOTAL ACTIF ANNEE PRECEDENTE 9 485 924 139 247 563 196 089 715 1 811 939 550 240 223 660 007 676 2 669 982 017 576 1 701 319 344 209 1 802 372 716 237 713 454 413 594