Source PDF : Situation_Comptable_de_la_BEAC_Mars_2014_853d76e0.pdf
Chemin original : scraping\beac_data\Publications\Situations Comptables\Situation_Comptable_de_la_BEAC_Mars_2014_853d76e0.pdf
Date extraction : 15/06/2026 21:22:04
======================================================================

--- Page 1 ---
06/06/2017 07:36
BANQUE DES ETATS DE L'AFRIQUE CENTRALE
SITUATION COMPTABLE : MARS 2014
ACTIF
N°
POSTES OU LIGNES ZONE SCES CX CAMEROUN RCA CONGO GABON GUINEE EQUAT. TCHAD
LIGNES
10 DISPONIBILITES EXTERIEURES 8 040 179 247 603 236 653 987 781 1 630 343 468 220 96 605 972 687 2 582 275 024 448 1 301 636 521 206 1 772 810 604 897 419 853 668 364
15 Avoirs Extérieurs à vue 3 791 752 463 380 236 653 987 781 743 913 945 191 44 795 723 020 1 170 788 341 687 592 503 307 977 809 581 368 263 193 515 789 461
20 Billets Etrangers 42 797 809 602 -15 089 516 889 13 212 030 068 2 087 478 685 7 271 112 771 12 803 955 714 15 571 884 570 6 940 864 683
30 Correspondants Hors Zone d'Emission -22 014 891 402 -22 014 891 402 0 0 0 0 0 0
40 Trésor Français 3 770 969 545 180 273 758 396 072 730 701 915 123 42 708 244 335 1 163 517 228 916 579 699 352 263 794 009 483 693 186 574 924 778
50 Compte d'Opérations 3 740 207 752 910 273 758 396 072 724 274 593 590 42 332 578 673 1 153 282 823 908 574 600 263 220 787 025 302 940 184 933 794 507
60 Compte Spécial de Nivellement 30 761 792 270 0 6 427 321 533 375 665 662 10 234 405 008 5 099 089 044 6 984 180 753 1 641 130 270
70 Autres avoirs extérieurs (SDM) 4 248 426 784 223 0 886 429 523 029 51 810 249 667 1 411 486 682 761 709 133 213 229 963 229 236 634 226 337 878 903
80 Comptes Courants Chez Correspondants Etrangers 4 248 426 784 223 0 886 429 523 029 51 810 249 667 1 411 486 682 761 709 133 213 229 963 229 236 634 226 337 878 903
90 Opérations sur le Marché Financier 0 0 0 0 0 0 0 0
100 ENCAISSE–OR 109 552 273 230 62 776 858 999 18 394 706 363 6 832 476 733 6 832 582 970 7 883 339 695 0 6 832 308 470
110 FONDS MONETAIRE INTERNATIONAL 276 264 783 847 2 049 550 171 42 082 899 334 10 298 541 959 65 218 584 139 122 247 755 466 24 067 898 276 10 299 554 502
120 Quotes-Parts en Devises 96 153 005 031 0 30 936 243 763 8 273 033 241 13 576 832 779 24 594 585 870 8 511 730 780 10 260 578 598
130 Avoirs en D.T.S. 180 111 778 816 2 049 550 171 11 146 655 571 2 025 508 718 51 641 751 360 97 653 169 596 15 556 167 496 38 975 904
140 CREANCES SUR LES BANQUES 28 290 225 694 0 5 310 000 000 0 7 995 225 694 0 0 14 985 000 000
150 Concours du Marché Monetaire : Guichet A 20 295 000 000 0 5 310 000 000 0 0 0 0 14 985 000 000
160 Appels d'Offres 17 687 000 000 0 2 702 000 000 0 0 0 0 14 985 000 000
170 Pensions et Autres 2 608 000 000 0 2 608 000 000 0 0 0 0 0
180 Avances à Moyen Terme Irrévocables : Guichet B 7 995 225 694 0 0 0 7 995 225 694 0 0 0
190 Créances Impayées 0 0 0 0 0 0 0 0
200 CREANCES SUR LES TRESORS NATIONAUX 556 737 577 942 0 197 045 414 74 331 586 448 197 045 414 257 697 045 414 197 045 412 224 117 809 840
210 Avances en Comptes Courants (Art. 18) 468 333 156 846 0 0 21 570 774 326 0 257 500 000 000 0 189 262 382 520
220 Avances Exceptionnelles 4 862 472 563 0 197 045 414 3 877 245 495 197 045 414 197 045 414 197 045 412 197 045 414
230 Crédits à l'Economie Consolidés sur l'Etat 83 541 948 533 0 0 48 883 566 627 0 0 0 34 658 381 906
162 113 829 209
239 CONTREPARTIE DES ALLOCATIONS DE DTS VERSEES AUX ETATS 101 225 749 999 30 362 274 033 0 0 0 30 525 805 177
240 VALEURS IMMOBILISEES 252 374 536 924 223 175 785 602 7 493 710 796 2 205 406 419 4 689 995 747 5 632 529 778 5 102 224 739 4 074 883 843
250 Immobilisations Financières 56 870 917 251 38 466 757 663 6 280 052 190 1 502 060 930 3 266 034 421 2 272 327 748 2 219 364 525 2 864 319 774
260 Créances sur le Personnel 30 356 108 266 12 021 560 166 6 249 048 993 1 497 024 755 3 256 033 075 2 272 115 548 2 219 364 525 2 840 961 204
270 Créances sur les Autres Banques Centrales 0 0 0 0 0 0 0 0
280 Titres de Participations 24 141 810 673 24 141 810 673 0 0 0 0 0 0
290 Autres Immobilisations Financières 2 372 998 312 2 303 386 824 31 003 197 5 036 175 10 001 346 212 200 0 23 358 570
300 Immobilisations Incorporelles 10 584 929 324 10 583 525 524 0 958 800 0 0 445 000 0
310 Immobilisations Corporelles 182 246 835 939 171 453 648 005 1 213 658 606 702 386 689 1 423 961 326 3 360 202 030 2 882 415 214 1 210 564 069
320 Autres immobilisations 2 671 854 410 2 671 854 410 0 0 0 0 0 0
330 AUTRES ACTIFS 36 584 500 598 36 584 500 598 0 0 0 0 0
340 DEBITEURS DIVERS 23 827 164 200 1 955 406 564 6 891 970 114 3 023 749 397 2 773 559 164 6 222 152 650 194 942 913 2 765 383 398
350 Avances Diverses au Personnel 3 797 958 579 2 831 194 675 240 621 289 203 387 861 125 634 335 191 673 337 48 271 216 157 175 866
360 Autres Débiteurs Divers 149 815 730 -1 061 918 612 11 827 0 14 770 286 1 157 141 142 39 811 087 0
370 Comptes de Régularisations - Actif 19 879 389 891 186 130 501 6 651 336 998 2 820 361 536 2 633 154 543 4 873 338 171 106 860 610 2 608 207 532
380 TOTAL DE L'ACTIF 9 485 924 139 247 563 196 089 715 1 811 939 550 240 223 660 007 676 2 669 982 017 576 1 701 319 344 209 1 802 372 716 237 713 454 413 594
TOTAL ACTIF ANNEE PRECEDENTE 9 475 937 093 862 585 444 040 028 1 835 064 039 385 212 412 319 093 2 958 712 090 660 1 342 733 867 972 1 725 051 195 931 816 519 540 793