Source PDF : Situation_Comptable_de_la_BEAC_Janvier_2016_88d6b17a.pdf
Chemin original : scraping\beac_data\Publications\Situations Comptables\Situation_Comptable_de_la_BEAC_Janvier_2016_88d6b17a.pdf
Date extraction : 15/06/2026 21:21:04
======================================================================

--- Page 1 ---
06/06/2017 07:57
BANQUE DES ETATS DE L'AFRIQUE CENTRALE
SITUATION COMPTABLE : JANVIER 2016
ACTIF
N°
POSTES OU LIGNES ZONE SCES CX CAMEROUN RCA CONGO GABON GUINEE EQUAT. TCHAD
LIGNES
10 DISPONIBILITES EXTERIEURES 5 581 966 598 277 374 872 878 084 1 991 336 608 106 124 980 768 885 1 349 581 536 218 985 158 069 874 655 563 462 256 100 473 274 854
15 Avoirs Extérieurs à vue 3 056 384 328 249 374 872 878 084 1 025 896 916 336 66 090 333 831 690 072 763 255 497 466 193 201 349 989 689 650 51 995 553 892
20 Billets Etrangers 70 819 226 105 1 364 154 272 21 983 473 950 4 853 055 228 4 281 896 986 4 512 206 701 32 238 492 372 1 585 946 596
30 Correspondants Hors Zone d'Emission -62 149 521 925 -62 149 521 925 0 0 0 0 0 0
40 Trésor Français 3 047 714 624 069 435 658 245 737 1 003 913 442 386 61 237 278 603 685 790 866 269 492 953 986 500 317 751 197 278 50 409 607 296
50 Compte d'Opérations 3 047 714 624 068 435 658 245 737 1 003 913 442 386 61 237 278 603 685 790 866 269 492 953 986 500 317 751 197 278 50 409 607 296
60 Compte Spécial de Nivellement 1 0 0 0 0 0 0 0
70 Autres avoirs extérieurs (SDM) 2 525 582 270 028 0 965 439 691 770 58 890 435 054 659 508 772 963 487 691 876 673 305 573 772 606 48 477 720 962
80 Comptes Courants Chez Correspondants Etrangers 2 525 582 270 028 0 965 439 691 770 58 890 435 054 659 508 772 963 487 691 876 673 305 573 772 606 48 477 720 962
90 Opérations sur le Marché Financier 0 0 0 0 0 0 0 0
100 ENCAISSE–OR 135 673 241 238 84 480 048 145 20 132 023 845 7 477 780 934 7 477 897 205 8 627 894 331 0 7 477 596 778
110 FONDS MONETAIRE INTERNATIONAL 307 886 979 581 65 514 433 47 454 946 374 9 651 405 267 74 099 532 950 137 860 650 535 27 139 615 934 11 615 314 088
120 Quotes-Parts en Devises 108 435 481 127 0 34 888 004 547 9 329 821 149 15 311 122 040 27 736 270 447 9 599 009 642 11 571 253 302
130 Avoirs en D.T.S. 199 451 498 454 65 514 433 12 566 941 827 321 584 118 58 788 410 910 110 124 380 088 17 540 606 292 44 060 786
140 CREANCES SUR LES BANQUES 282 780 403 265 0 41 457 000 000 0 34 823 403 265 19 500 000 000 120 000 000 000 67 000 000 000
150 Concours du Marché Monetaire : Guichet A 247 957 000 000 0 41 457 000 000 0 0 19 500 000 000 120 000 000 000 67 000 000 000
160 Appels d'Offres 247 957 000 000 0 41 457 000 000 0 0 19 500 000 000 120 000 000 000 67 000 000 000
170 Pensions et Autres 0 0 0 0 0 0 0 0
180 Avances à Moyen Terme Irrévocables : Guichet B 34 823 403 265 0 0 0 34 823 403 265 0 0 0
190 Créances Impayées 0 0 0 0 0 0 0 0
200 CREANCES SUR LES TRESORS NATIONAUX 2 240 040 525 815 0 161 577 696 337 76 102 439 505 572 706 404 556 453 082 120 995 518 421 399 759 458 150 464 663
210 Avances en Comptes Courants (Art. 18) 2 008 601 124 546 0 160 933 424 657 22 534 781 917 572 062 132 876 452 437 849 315 517 777 128 079 282 855 807 702
220 Avances Exceptionnelles 147 572 284 887 0 644 271 680 4 358 923 112 644 271 680 644 271 680 644 271 680 140 636 275 055
230 Crédits à l'Economie Consolidés sur l'Etat 83 867 116 382 0 0 49 208 734 476 0 0 0 34 658 381 906
184 784 480 046
239 CONTREPARTIE DES ALLOCATIONS DE DTS VERSEES AUX ETATS 114 156 212 798 36 203 130 249 0 0 0 34 425 136 999
240 VALEURS IMMOBILISEES 364 068 329 808 327 939 127 489 9 459 495 100 3 266 190 209 6 081 608 325 5 446 120 291 6 594 143 706 5 281 644 688
250 Immobilisations Financières 158 398 082 788 136 194 069 207 7 094 217 827 2 083 015 181 4 247 855 385 2 409 841 083 2 812 772 082 3 556 312 023
260 Créances sur le Personnel 35 118 753 582 12 983 912 089 7 063 127 030 2 078 559 006 4 237 801 039 2 409 628 883 2 812 772 082 3 532 953 453
270 Créances sur les Autres Banques Centrales 0 0 0 0 0 0 0 0
280 Titres de Participations 42 730 338 280 42 730 338 280 0 0 0 0 0 0
290 Autres Immobilisations Financières 80 548 990 926 80 479 818 838 31 090 797 4 456 175 10 054 346 212 200 0 23 358 570
300 Immobilisations Incorporelles 14 067 361 256 14 066 638 756 0 453 400 -606 900 876 000 0 0
310 Immobilisations Corporelles 185 396 344 345 171 471 878 107 2 365 277 273 1 182 721 628 1 834 359 840 3 035 403 208 3 781 371 624 1 725 332 665
320 Autres immobilisations 6 206 541 419 6 206 541 419 0 0 0 0 0 0
330 AUTRES ACTIFS 24 039 507 853 24 039 507 853 0 0 0 0 0
340 DEBITEURS DIVERS 29 403 944 018 1 819 107 668 8 398 319 498 3 803 231 242 4 350 581 368 6 860 439 584 565 586 954 3 606 677 704
350 Avances Diverses au Personnel 3 900 273 858 2 928 250 465 253 326 619 52 485 674 185 448 114 210 064 732 37 836 872 232 861 382
360 Autres Débiteurs Divers 63 862 709 -1 428 336 374 24 502 325 0 8 566 868 1 458 501 681 0 628 209
370 Comptes de Régularisations - Actif 25 439 807 451 319 193 577 8 120 490 554 3 750 745 568 4 156 566 386 5 191 873 171 527 750 082 3 373 188 113
380 TOTAL DE L'ACTIF 9 150 644 009 901 813 216 183 672 2 393 972 302 058 261 484 946 291 2 049 120 963 887 1 616 535 295 610 1 328 284 208 609 688 030 109 774
TOTAL ACTIF ANNEE PRECEDENTE 9 389 690 715 130 796 229 005 075 2 549 541 482 067 264 360 220 096 1 983 313 785 336 1 656 020 316 222 1 346 188 158 889 794 037 747 445