Source PDF : Situation_Comptable_de_la_BEAC_Août_2015_03fe944e.pdf
Chemin original : scraping\beac_data\Publications\Situations Comptables\Situation_Comptable_de_la_BEAC_Août_2015_03fe944e.pdf
Date extraction : 15/06/2026 21:21:16
======================================================================

--- Page 1 ---
06/06/2017 07:53
BANQUE DES ETATS DE L'AFRIQUE CENTRALE
SITUATION COMPTABLE : AOUT 2015
ACTIF
N°
POSTES OU LIGNES ZONE SCES CX CAMEROUN RCA CONGO GABON GUINEE EQUAT. TCHAD
LIGNES
10 DISPONIBILITES EXTERIEURES 6 224 444 502 965 277 698 032 601 1 570 092 261 277 133 582 951 597 1 687 201 442 728 1 222 252 490 021 1 023 696 121 207 309 921 203 534
15 Avoirs Extérieurs à vue 2 681 066 206 967 277 698 032 601 632 269 762 996 65 468 776 217 664 113 876 931 481 807 245 369 424 478 688 080 135 229 824 772
20 Billets Etrangers 131 460 939 371 2 463 243 113 28 064 454 441 21 585 262 623 4 975 351 778 13 265 729 836 38 424 445 685 22 682 451 895
30 Correspondants Hors Zone d'Emission -38 236 903 854 -38 236 903 854 0 0 0 0 0 0
40 Trésor Français 2 587 842 171 450 313 471 693 342 604 205 308 555 43 883 513 594 659 138 525 153 468 541 515 533 386 054 242 395 112 547 372 877
50 Compte d'Opérations 2 587 842 171 449 313 471 693 342 604 205 308 555 43 883 513 594 659 138 525 153 468 541 515 533 386 054 242 395 112 547 372 877
60 Compte Spécial de Nivellement 1 0 0 0 0 0 0 0
70 Autres avoirs extérieurs (SDM) 3 543 378 295 998 0 937 822 498 281 68 114 175 380 1 023 087 565 797 740 445 244 652 599 217 433 127 174 691 378 762
80 Comptes Courants Chez Correspondants Etrangers 3 543 378 295 998 0 937 822 498 281 68 114 175 380 1 023 087 565 797 740 445 244 652 599 217 433 127 174 691 378 762
90 Opérations sur le Marché Financier 0 0 0 0 0 0 0 0
100 ENCAISSE–OR 134 032 834 106 83 525 677 662 19 904 592 519 7 393 304 497 7 285 711 934 8 530 425 072 0 7 393 122 422
110 FONDS MONETAIRE INTERNATIONAL 304 215 434 762 67 790 180 46 785 876 460 9 561 651 158 72 921 473 999 136 500 340 825 26 872 062 304 11 506 239 836
120 Quotes-Parts en Devises 107 365 517 816 0 34 543 754 819 9 237 761 187 15 160 042 904 27 462 588 886 9 504 293 521 11 457 076 499
130 Avoirs en D.T.S. 196 849 916 946 67 790 180 12 242 121 641 323 889 971 57 761 431 095 109 037 751 939 17 367 768 783 49 163 337
140 CREANCES SUR LES BANQUES 291 784 655 408 0 55 411 000 000 2 500 000 000 38 659 655 408 11 564 000 000 120 000 000 000 63 650 000 000
150 Concours du Marché Monetaire : Guichet A 253 125 000 000 0 55 411 000 000 2 500 000 000 0 11 564 000 000 120 000 000 000 63 650 000 000
160 Appels d'Offres 253 125 000 000 0 55 411 000 000 2 500 000 000 0 11 564 000 000 120 000 000 000 63 650 000 000
170 Pensions et Autres 0 0 0 0 0 0 0 0
180 Avances à Moyen Terme Irrévocables : Guichet B 38 659 655 408 0 0 0 38 659 655 408 0 0 0
190 Créances Impayées 0 0 0 0 0 0 0 0
200 CREANCES SUR LES TRESORS NATIONAUX 1 848 468 528 306 0 60 356 185 748 75 543 127 023 543 356 185 748 328 856 185 748 519 936 736 606 320 420 107 433
210 Avances en Comptes Courants (Art. 18) 1 758 831 326 117 0 60 000 000 000 22 345 235 480 543 000 000 000 328 500 000 000 519 580 550 858 285 405 539 779
220 Avances Exceptionnelles 5 770 085 807 0 356 185 748 3 989 157 067 356 185 748 356 185 748 356 185 748 356 185 748
230 Crédits à l'Economie Consolidés sur l'Etat 83 867 116 382 0 0 49 208 734 476 0 0 0 34 658 381 906
183 178 743 868
239 CONTREPARTIE DES ALLOCATIONS DE DTS VERSEES AUX ETATS 113 247 385 543 35 845 903 808 0 0 0 34 085 454 517
240 VALEURS IMMOBILISEES 278 560 410 298 247 077 914 027 7 577 450 980 2 736 549 965 5 044 071 020 5 275 658 979 6 245 633 725 4 603 131 602
250 Immobilisations Financières 78 445 822 872 57 350 355 471 6 383 096 377 2 122 867 036 3 847 566 138 2 513 744 106 2 714 816 320 3 513 377 424
260 Créances sur le Personnel 34 352 121 273 13 325 825 960 6 352 005 580 2 118 410 861 3 837 511 792 2 513 531 906 2 714 816 320 3 490 018 854
270 Créances sur les Autres Banques Centrales 0 0 0 0 0 0 0 0
280 Titres de Participations 43 547 310 673 43 547 310 673 0 0 0 0 0 0
290 Autres Immobilisations Financières 546 390 926 477 218 838 31 090 797 4 456 175 10 054 346 212 200 0 23 358 570
300 Immobilisations Incorporelles 12 531 283 338 12 530 054 638 0 959 600 -606 900 876 000 0 0
310 Immobilisations Corporelles 182 927 411 701 172 544 825 531 1 194 354 603 609 509 329 1 197 111 782 2 761 038 873 3 530 817 405 1 089 754 178
320 Autres immobilisations 4 655 892 387 4 652 678 387 0 3 214 000 0 0 0 0
330 AUTRES ACTIFS 32 942 144 406 32 942 144 406 0 0 0 0 0 0
340 DEBITEURS DIVERS 29 096 652 343 2 022 917 698 8 229 052 213 3 491 895 598 4 475 793 161 6 941 064 473 432 744 707 3 503 184 493
350 Avances Diverses au Personnel 4 043 167 030 3 008 389 711 278 746 034 51 828 453 249 702 369 201 096 239 44 605 389 208 798 835
360 Autres Débiteurs Divers 223 807 392 -1 150 425 087 -7 810 586 0 8 566 868 1 373 379 883 96 314 0
370 Comptes de Régularisations - Actif 24 829 677 921 164 953 074 7 958 116 765 3 440 067 145 4 217 523 924 5 366 588 351 388 043 004 3 294 385 658
380 TOTAL DE L'ACTIF 9 326 723 906 462 643 334 476 574 1 881 603 804 740 270 655 383 646 2 358 944 333 998 1 719 920 165 118 1 697 183 298 549 755 082 443 837
TOTAL ACTIF ANNEE PRECEDENTE 9 887 807 001 534 579 991 887 120 1 630 208 974 270 235 308 946 626 2 818 862 750 943 1 637 319 100 066 2 261 673 466 626 724 441 875 883