Source PDF : Situation_Comptable_de_la_BEAC_Décembre_2014_28303fc1.pdf
Chemin original : scraping\beac_data\Publications\Situations Comptables\Situation_Comptable_de_la_BEAC_Décembre_2014_28303fc1.pdf
Date extraction : 15/06/2026 21:21:38
======================================================================

--- Page 1 ---
BANQUE DES ETATS DE L'AFRIQUE CENTRALE
SITUATION COMPTABLE :DECEMBRE 2014
ACTIF
N°
POSTES OU LIGNES ZONE SCES CX CAMEROUN RCA CONGO GABON GUINEE EQUAT. TCHAD
LIGNES
10 DISPONIBILITES EXTERIEURES 8 071 825 025 106 263 730 982 487 1 699 093 784 779 139 247 544 412 2 606 249 595 924 1 234 442 685 840 1 550 103 948 537 578 956 483 127
15 Avoirs Extérieurs à vue 3 827 707 243 941 263 730 982 487 780 972 510 106 64 005 504 024 1 190 594 199 366 548 669 586 102 715 105 152 258 264 629 309 599
20 Billets Etrangers 41 241 433 755 1 063 732 735 12 570 097 429 1 033 250 832 5 791 001 529 2 953 239 609 16 270 360 665 1 559 750 956
30 Correspondants Hors Zone d'Emission -61 130 234 416 -61 130 234 416 0 0 0 0 0 0
40 Trésor Français 3 847 596 044 602 323 797 484 168 768 402 412 677 62 972 253 192 1 184 803 197 837 545 716 346 493 698 834 791 593 263 069 558 643
50 Compte d'Opérations 3 709 225 851 613 323 797 484 168 738 229 294 574 60 499 500 372 1 138 279 128 902 524 287 517 663 671 393 408 857 252 739 517 077
60 Compte Spécial de Nivellement 138 370 192 989 0 30 173 118 103 2 472 752 820 46 524 068 935 21 428 828 830 27 441 382 736 10 330 041 566
70 Autres avoirs extérieurs (SDM) 4 244 117 781 165 0 918 121 274 673 75 242 040 388 1 415 655 396 558 685 773 099 738 834 998 796 279 314 327 173 528
80 Comptes Courants Chez Correspondants Etrangers 4 244 117 781 165 0 918 121 274 673 75 242 040 388 1 415 655 396 558 685 773 099 738 834 998 796 279 314 327 173 528
90 Opérations sur le Marché Financier 0 0 0 0 0 0 0 0
100 ENCAISSE–OR 116 296 485 697 66 641 502 449 19 527 113 790 7 253 094 885 7 253 207 663 8 368 650 646 0 7 252 916 264
110 FONDS MONETAIRE INTERNATIONAL 291 516 289 143 1 193 405 099 44 797 958 439 9 571 254 423 69 236 487 139 130 133 704 258 25 619 399 399 10 964 080 386
120 Quotes-Parts en Devises 102 356 243 347 0 32 932 072 106 8 806 761 717 14 452 731 866 26 181 286 954 9 060 858 647 10 922 532 057
130 Avoirs en D.T.S. 189 160 045 796 1 193 405 099 11 865 886 333 764 492 706 54 783 755 273 103 952 417 304 16 558 540 752 41 548 329
140 CREANCES SUR LES BANQUES 109 923 201 694 0 28 220 000 000 0 29 503 201 694 11 500 000 000 30 000 000 000 10 700 000 000
150 Concours du Marché Monetaire : Guichet A 80 420 000 000 0 28 220 000 000 0 0 11 500 000 000 30 000 000 000 10 700 000 000
160 Appels d'Offres 71 520 000 000 0 26 020 000 000 0 0 11 500 000 000 30 000 000 000 4 000 000 000
170 Pensions et Autres 8 900 000 000 0 2 200 000 000 0 0 0 0 6 700 000 000
180 Avances à Moyen Terme Irrévocables : Guichet B 29 503 201 694 0 0 0 29 503 201 694 0 0 0
190 Créances Impayées 0 0 0 0 0 0 0 0
200 CREANCES SUR LES TRESORS NATIONAUX 1 277 797 793 698 0 216 320 524 75 053 566 426 350 216 320 524 257 716 320 524 369 579 320 524 225 015 945 176
210 Avances en Comptes Courants (Art. 18) 1 188 999 782 853 0 0 21 995 540 107 350 000 000 000 257 500 000 000 369 363 000 000 190 141 242 746
220 Avances Exceptionnelles 4 930 894 463 0 216 320 524 3 849 291 843 216 320 524 216 320 524 216 320 524 216 320 524
230 Crédits à l'Economie Consolidés sur l'Etat 83 867 116 382 0 0 49 208 734 476 0 0 0 34 658 381 906
173 964 218 079
239 CONTREPARTIE DES ALLOCATIONS DE DTS VERSEES AUX ETATS 107 756 252 616 33 712 811 078 0 0 0 32 495 154 385
240 VALEURS IMMOBILISEES 251 637 751 584 220 902 424 819 7 293 599 596 2 487 193 823 4 966 016 150 5 410 414 927 6 437 791 826 4 140 310 443
250 Immobilisations Financières 56 192 033 448 36 822 221 400 6 099 789 272 1 801 014 900 3 624 870 316 2 369 695 189 2 511 744 132 2 962 698 239
260 Créances sur le Personnel 31 704 879 325 12 404 239 365 6 068 698 475 1 796 558 725 3 614 815 970 2 369 482 989 2 511 744 132 2 939 339 669
270 Créances sur les Autres Banques Centrales 0 0 0 0 0 0 0 0
280 Titres de Participations 24 141 810 673 24 141 810 673 0 0 0 0 0 0
290 Autres Immobilisations Financières 345 343 450 276 171 362 31 090 797 4 456 175 10 054 346 212 200 0 23 358 570
300 Immobilisations Incorporelles 11 519 302 189 11 518 343 389 0 958 800 0 0 0 0
310 Immobilisations Corporelles 179 443 816 581 168 082 474 664 1 193 810 324 682 006 123 1 341 145 834 3 040 719 738 3 926 047 694 1 177 612 204
320 Autres immobilisations 4 482 599 366 4 479 385 366 0 3 214 000 0 0 0 0
330 AUTRES ACTIFS 41 968 027 527 41 968 027 527 0 0 0 0 0 0
340 DEBITEURS DIVERS 25 643 777 569 2 584 558 545 7 278 234 019 3 134 405 774 2 892 804 262 6 305 676 307 436 560 063 3 011 538 599
350 Avances Diverses au Personnel 3 787 429 978 2 814 805 972 321 122 025 86 233 309 135 950 085 217 087 332 48 974 318 163 256 937
360 Autres Débiteurs Divers 178 884 294 -1 146 334 071 540 325 0 8 566 868 1 276 409 754 39 701 418 0
370 Comptes de Régularisations - Actif 21 677 463 297 916 086 644 6 956 571 669 3 048 172 465 2 748 287 309 4 812 179 221 347 884 327 2 848 281 662
380 TOTAL DE L'ACTIF 10 360 572 570 097 597 020 900 926 1 914 183 263 763 270 459 870 821 3 070 317 633 356 1 653 877 452 502 1 982 177 020 349 872 536 428 380
TOTAL ACTIF ANNEE PRECEDENTE 9 908 769 425 656 587 679 177 426 1 818 438 410 657 216 008 150 117 2 529 532 228 489 1 729 029 378 137 2 182 517 884 387 845 564 196 443