Source PDF : Situation_comptable_de_la_BEAC_au_31_août_2009_2a471d5b.pdf
Chemin original : scraping\beac_data\Publications\Situations Comptables\Situation_comptable_de_la_BEAC_au_31_août_2009_2a471d5b.pdf
Date extraction : 15/06/2026 21:23:01
======================================================================

--- Page 1 ---
BANQUE DES ETATS DE L'AFRIQUE CENTRALE
16/10/2009 15:30
SITUATION COMPTABLE : SEPTEMBRE 2009
ACTIF
N°
POSTES OU LIGNES ZONE SCES CX CAMEROUN RCA CONGO GABON GUINEE EQUAT. TCHAD
LIGNES
10 DISPONIBILITES EXTERIEURES 6 344 279 010 586 357 287 221 912 1 525 974 091 192 62 632 040 309 1 619 235 114 130 821 740 717 538 1 670 866 058 642 286 543 766 863
15 Avoirs Extérieurs à vue 5 678 409 201 096 357 287 221 912 1 348 101 687 770 51 418 534 592 1 438 526 820 092 724 409 044 631 1 507 615 131 803 251 050 760 296
20 Billets Etrangers 16 371 239 045 1 003 688 871 2 224 199 160 331 756 813 636 704 645 2 097 127 174 8 769 315 112 1 308 447 270
30 Correspondants Hors Zone d'Emission -7 918 373 733 -7 918 373 733 0 0 0 0 0 0
40 Trésor Français 5 669 956 335 784 364 201 906 774 1 345 877 488 610 51 086 777 779 1 437 890 115 447 722 311 917 457 1 498 845 816 691 249 742 313 026
50 Compte d'Opérations 3 577 847 079 984 364 201 906 774 813 402 257 728 30 875 098 764 869 011 537 950 436 540 583 683 912 879 994 782 150 935 700 303
60 Compte Spécial de Nivellement 2 092 109 255 800 0 532 475 230 882 20 211 679 015 568 878 577 497 285 771 333 775 585 965 821 908 98 806 612 723
70 Autres avoirs extérieurs (SDM) 665 869 809 490 0 177 872 403 422 11 213 505 717 180 708 294 038 97 331 672 907 163 250 926 839 35 493 006 567
p p
80 Etrangers 240 231 666 031 0 60 298 602 924 2 288 812 581 64 420 993 629 35 678 201 777 66 355 988 735 11 189 066 385
90 Opérations sur le Marché Financier 425 638 143 459 0 117 573 800 498 8 924 693 137 116 287 300 409 61 653 471 130 96 894 938 104 24 303 940 182
100 ENCAISSE–OR 0 0 0 0 0 0 0 0
110 FONDS MONETAIRE INTERNATIONAL 425 097 508 416 1 973 759 057 140 382 369 577 39 318 981 546 62 849 910 570 117 994 248 916 23 133 198 407 39 445 040 343
120 Quotes-Parts en Devises 87 434 010 517 0 29 862 586 628 7 984 648 831 13 105 470 281 23 733 925 058 4 723 694 827 8 023 684 892
130 Avoirs en D.T.S. 337 663 497 899 1 973 759 057 110 519 782 949 31 334 332 715 49 744 440 289 94 260 323 858 18 409 503 580 31 421 355 451
140 CREANCES SUR LES BANQUES 18 200 000 000 0 6 800 000 000 0 0 0 0 11 400 000 000
150 Concours du Marché Monetaire : Guichet A 18 200 000 000 0 6 800 000 000 0 0 0 0 11 400 000 000
160 Appels d'Offres 18 016 000 000 0 6 616 000 000 0 0 0 0 11 400 000 000
170 Pensions et Autres 184 000 000 0 184 000 000 0 0 0 0 0
180 Avances à Moyen Terme Irrévocables : Guichet B 0 0 0 0 0 0 0 0
190 Créances Impayées 0 0 0 0 0 0 0 0
200 CREANCES SUR LES TRESORS NATIONAUX 302 015 183 217 0 330 763 937 64 151 046 301 42 000 000 000 54 181 362 745 0 141 352 010 234
210 Avances en Comptes Courants (Art. 18) 220 782 912 396 0 0 17 077 497 409 42 000 000 000 54 000 000 000 0 107 705 414 987
220 Avances Exceptionnelles 3 067 500 000 0 0 3 067 500 000 0 0 0 0
230 Crédits à l'Economie Consolidés sur l'Etat 78 164 770 821 0 330 763 937 44 006 048 892 0 181 362 745 0 33 646 595 247
240 VALEURS IMMOBILISEES 224 794 290 846 198 823 999 925 7 442 662 625 2 667 261 501 5 379 709 984 6 054 841 081 1 969 309 363 2 456 506 367
250 Immobilisations Financières 22 274 140 095 17 365 545 821 1 807 616 958 566 237 231 1 051 766 790 505 217 190 529 608 501 448 147 604
260 Créances sur le Personnel 11 828 067 327 6 919 875 558 1 807 214 453 566 237 231 1 051 766 790 505 217 190 529 608 501 448 147 604
270 Créances sur les Autres Banques Centrales 6 366 976 097 6 366 976 097 0 0 0 0 0 0
280 Titres de Participations 4 078 694 166 4 078 694 166 0 0 0 0 0 0
290 Autres Immobilisations Financières 402 505 0 402 505 0 0 0 0 0
300 Immobilisations Incorporelles 20 336 486 211 20 336 486 211 0 0 0 0 0 0
310 Immobilisations Corporelles 124 574 995 255 103 513 298 608 5 635 045 667 2 101 024 270 4 327 943 194 5 549 623 891 1 439 700 862 2 008 358 763
320 Autres Valeurs Immobilisées 57 608 669 285 57 608 669 285 0 0 0 0 0 0
330 DEBITEURS DIVERS 44 600 650 964 19 997 603 115 7 006 279 911 4 327 780 030 3 184 768 916 7 174 151 406 350 542 635 2 559 524 951
340 Avances Diverses au Personnel 2 487 819 675 1 728 485 222 234 819 258 87 163 175 78 738 501 202 992 105 68 238 243 87 383 171
350 Autres Débiteurs Divers 22 097 505 255 18 145 408 013 1 080 347 687 24 338 602 550 341 333 2 025 954 917 234 363 551 36 751 152
360 Comptes de Régularisations - Actif 20 015 326 034 123 709 880 5 691 112 966 4 216 278 253 2 555 689 082 4 945 204 384 47 940 841 2 435 390 628
370 TOTAL DE L'ACTIF 7 358 986 644 029 578 082 584 009 1 687 936 167 242 173 097 109 687 1 732 649 503 600 1 007 145 321 686 1 696 319 109 047 483 756 848 758
TOTAL ACTIF ANNEE PRECEDENTE 7 527 119 585 984 617 068 243 978 1 475 846 108 593 134 409 300 626 1 613 522 100 355 906 459 755 503 2 132 828 832 955 646 985 243 974
Contrôle ‐ Egalité Actif et Passif 0 0 0 0 0 0 0 0

--- Page 2 ---
16/10/2009 15:53
BANQUE DES ETATS DE L'AFRIQUE CENTRALE
SITUATION COMPTABLE : SEPTEMBRE 2009
PASSIF
N° LIGNE POSTES OU LIGNES ZONE SCES CX CAMEROUN RCA CONGO GABON GUINEE EQUAT. TCHAD
10 BILLETS ET PIECES EN CIRCULATION 1 760 841 871 119 493 784 003 467 78 956 027 067 421 478 677 631 331 994 581 442 119 580 779 508 315 047 802 004
20 TRESORS ET COMPTABLES PUBLICS NATIONAUX 2 629 617 875 368 3 508 789 258 531 226 015 616 12 934 496 741 862 582 903 417 215 899 109 643 930 983 760 886 72 482 799 807
30 Comptes courants 507 464 044 493 0 277 516 817 553 12 175 644 460 73 465 740 920 41 106 674 143 35 747 217 901 67 451 949 516
40 Fonds de Stabilisation des Recettes Budgétaires 1 443 035 249 963 0 0 0 776 875 601 816 0 666 159 648 147 0
50 Fonds de Réserves Pour Générations Futures 209 668 181 826 0 0 0 0 171 101 785 214 38 566 396 612 0
60 Dépôts spéciaux 469 450 399 086 3 508 789 258 253 709 198 063 758 852 281 12 241 560 681 3 690 650 286 190 510 498 226 5 030 850 291
70 BANQUES ET INSTITUTIONS FINANCIERES 2 090 173 057 491 0 649 201 130 815 16 335 127 678 390 019 070 884 354 578 766 787 631 694 871 446 48 344 089 881
80 Banques et Institutions Etrangères 97 899 906 597 0 32 720 528 773 9 207 607 789 14 523 166 655 26 730 029 225 3 997 157 338 10 721 416 817
90 Banques et Institutions Financières de la Zone 1 992 273 150 894 0 616 480 602 042 7 127 519 889 375 495 904 229 327 848 737 562 627 697 714 108 37 622 673 064
100 Comptes courants 523 282 966 735 0 264 431 602 042 4 727 519 889 64 944 720 070 72 946 737 562 102 640 714 108 13 591 673 064
110 Dépôts et placements sur marché monétaire 920 854 184 159 0 147 000 000 000 2 400 000 000 219 754 184 159 150 700 000 000 400 000 000 000 1 000 000 000
120 Comptes de Réserves Obligatoires 548 136 000 000 0 205 049 000 000 0 90 797 000 000 104 202 000 000 125 057 000 000 23 031 000 000
130 Autres Comptes des Etablissements de Crédit 0 0 0 0 0 0 0 0
140 AUTRES COMPTES COURANTS 38 170 260 771 16 045 121 850 2 211 517 524 539 949 544 6 016 961 915 8 407 406 517 3 934 766 762 1 014 536 659
150 FMI : ALLOCATION DES D.T.S. 384 650 837 527 0 125 814 545 284 37 878 507 602 56 558 746 138 104 133 601 905 22 208 279 398 38 057 157 200
160 EMPRUNTS ET DETTES A LONG ET MOYEN TERME 7 116 116 392 7 116 116 392 0 0 0 0 0 0
170 AUTRES PASSIFS 185 846 070 185 846 070 0 0 0 0 0 0
180 PROVISIONS 34 874 140 780 34 874 140 780 0 0 0 0 0 0
190 REPORT A NOUVEAU 0 0 0 0 0 0 0 0
200 RESERVES 287 907 505 948 375 475 059 109 -112 468 246 972 23 897 716 245 -2 307 550 546 -4 150 364 654 -1 911 356 753 9 372 249 519
210 CAPITAL ET PRIME D'AUGMENTATION 91 507 313 350 91 507 313 350 0 0 0 0 0 0
220 CREDITEURS DIVERS 14 025 731 116 1 760 817 976 268 447 781 1 118 332 771 7 077 714 634 297 142 503 296 422 160 3 206 853 291
230 TRANSFERTS NON DENOUES 2 540 121 096 12 750 906 220 709 523 2 504 870 2 245 321 853 8 222 388 0 50 611 556
240 COMPTES DE REGULARISATIONS - PASSIF 15 874 156 000 224 960 8 196 148 422 0 2 835 603 086 0 4 778 729 532 63 450 000
250 COMPTE DE RESULTAT 1 501 811 001 47 596 403 358 -10 518 104 218 1 434 447 169 -13 857 945 412 -4 023 144 845 -15 247 143 892 -3 882 701 159
260 TOTAL DU PASSIF 7 358 986 644 029 578 082 584 009 1 687 936 167 242 173 097 109 687 1 732 649 503 6001 007 145 321 686 1 696 319 109 047 483 756 848 758
TOTAL PASSIF ANNEE PRECEDENTE 7 527 119 585 984 617 068 243 978 1 475 846 108 593 134 409 300 626 1 613 522 100 355 906 459 755 503 2 132 828 832 955 646 985 243 974