Source PDF : Situation_Comptable_de_la_BEAC_Mars_2016_1e5f5a55.pdf
Chemin original : scraping\beac_data\Publications\Situations Comptables\Situation_Comptable_de_la_BEAC_Mars_2016_1e5f5a55.pdf
Date extraction : 15/06/2026 21:21:00
======================================================================

--- Page 1 ---
06/06/2017 07:58
BANQUE DES ETATS DE L'AFRIQUE CENTRALE
SITUATION COMPTABLE : MARS 2016
ACTIF
N°
POSTES OU LIGNES ZONE SCES CX CAMEROUN RCA CONGO GABON GUINEE EQUAT. TCHAD
LIGNES
10 DISPONIBILITES EXTERIEURES 5 005 818 729 397 314 915 810 636 1 785 213 184 950 125 889 283 791 1 216 250 583 851 822 512 478 160 724 191 915 001 16 845 473 008
15 Avoirs Extérieurs à vue 2 470 611 376 582 314 915 810 636 794 287 392 051 63 223 977 368 541 519 798 895 385 125 112 567 336 295 455 366 35 243 829 698
20 Billets Etrangers 211 432 329 872 965 699 656 30 039 757 440 14 893 605 358 21 136 325 080 57 818 831 081 37 144 621 060 49 433 490 197
30 Correspondants Hors Zone d'Emission -74 599 229 657 -74 599 229 657 0 0 0 0 0 0
40 Trésor Français 2 333 778 276 367 388 549 340 637 764 247 634 611 48 330 372 010 520 383 473 815 327 306 281 486 299 150 834 306 -14 189 660 499
50 Compte d'Opérations 2 333 778 276 366 388 549 340 637 764 247 634 611 48 330 372 010 520 383 473 815 327 306 281 486 299 150 834 306 -14 189 660 499
60 Compte Spécial de Nivellement 1 0 0 0 0 0 0 0
70 Autres avoirs extérieurs (SDM) 2 535 207 352 815 0 990 925 792 899 62 665 306 423 674 730 784 956 437 387 365 593 387 896 459 635 -18 398 356 690
80 Comptes Courants Chez Correspondants Etrangers 2 535 207 352 815 0 990 925 792 899 62 665 306 423 674 730 784 956 437 387 365 593 387 896 459 635 -18 398 356 690
90 Opérations sur le Marché Financier 0 0 0 0 0 0 0 0
100 ENCAISSE–OR 143 345 483 731 89 257 547 028 21 270 398 772 7 900 615 637 7 900 738 484 9 115 762 743 0 7 900 421 067
110 FONDS MONETAIRE INTERNATIONAL 366 514 326 599 16 768 190 64 774 703 202 20 750 059 165 71 795 201 172 134 942 987 375 47 912 812 041 26 321 795 454
120 Quotes-Parts en Devises 184 571 506 325 0 52 473 866 765 20 435 350 003 14 987 079 635 39 669 804 441 30 743 683 458 26 261 722 023
130 Avoirs en D.T.S. 181 942 820 274 16 768 190 12 300 836 437 314 709 162 56 808 121 537 95 273 182 934 17 169 128 583 60 073 431
140 CREANCES SUR LES BANQUES 368 135 403 265 0 80 412 000 000 0 34 823 403 265 0 120 000 000 000 132 900 000 000
150 Concours du Marché Monetaire : Guichet A 333 312 000 000 0 80 412 000 000 0 0 0 120 000 000 000 132 900 000 000
160 Appels d'Offres 333 312 000 000 0 80 412 000 000 0 0 0 120 000 000 000 132 900 000 000
170 Pensions et Autres 0 0 0 0 0 0 0 0
180 Avances à Moyen Terme Irrévocables : Guichet B 34 823 403 265 0 0 0 34 823 403 265 0 0 0
190 Créances Impayées 0 0 0 0 0 0 0 0
200 CREANCES SUR LES TRESORS NATIONAUX 2 339 987 085 672 0 171 143 222 490 75 705 918 445 572 271 930 709 452 647 647 148 611 682 738 097 456 535 628 783
210 Avances en Comptes Courants (Art. 18) 2 111 190 833 797 0 170 933 424 657 22 609 041 016 572 062 132 876 452 437 849 315 611 472 940 264 281 675 445 669
220 Avances Exceptionnelles 144 929 135 493 0 209 797 833 3 888 142 953 209 797 833 209 797 833 209 797 833 140 201 801 208
230 Crédits à l'Economie Consolidés sur l'Etat 83 867 116 382 0 0 49 208 734 476 0 0 0 34 658 381 906
180 873 727 646
239 CONTREPARTIE DES ALLOCATIONS DE DTS VERSEES AUX ETATS 111 740 226 980 35 436 932 360 0 0 0 33 696 568 306
240 VALEURS IMMOBILISEES 364 809 936 592 327 778 120 504 9 645 649 191 3 092 889 631 6 140 955 065 5 730 181 918 6 888 521 113 5 533 619 170
250 Immobilisations Financières 160 507 212 522 137 287 310 915 7 272 772 448 2 200 413 543 4 533 301 737 2 466 103 274 2 950 958 383 3 796 352 222
260 Créances sur le Personnel 37 227 697 686 14 077 153 797 7 241 496 021 2 195 957 368 4 523 247 391 2 465 891 074 2 950 958 383 3 772 993 652
270 Créances sur les Autres Banques Centrales 0 0 0 0 0 0 0 0
280 Titres de Participations 42 730 338 280 42 730 338 280 0 0 0 0 0 0
290 Autres Immobilisations Financières 80 549 176 556 80 479 818 838 31 276 427 4 456 175 10 054 346 212 200 0 23 358 570
300 Immobilisations Incorporelles 14 016 994 622 14 015 665 222 0 453 400 0 876 000 0 0
310 Immobilisations Corporelles 183 770 472 919 169 959 887 838 2 372 876 743 892 022 688 1 607 653 328 3 263 202 644 3 937 562 730 1 737 266 948
320 Autres immobilisations 6 515 256 529 6 515 256 529 0 0 0 0 0 0
330 AUTRES ACTIFS 25 991 392 617 25 991 392 617 0 0 0 0 0 0
340 DEBITEURS DIVERS 29 618 606 358 1 791 711 551 8 683 153 275 3 672 612 033 3 201 648 049 7 214 033 304 887 013 134 4 168 435 012
350 Avances Diverses au Personnel 4 162 239 483 3 194 869 127 299 463 185 60 862 039 163 084 674 182 353 969 44 427 571 217 178 918
360 Autres Débiteurs Divers 100 108 639 -1 411 701 061 1 538 235 0 8 566 868 1 500 099 936 0 1 604 661
370 Comptes de Régularisations - Actif 25 356 258 236 8 543 485 8 382 151 855 3 611 749 994 3 029 996 507 5 531 579 399 842 585 563 3 949 651 433
380 TOTAL DE L'ACTIF 8 825 094 691 877 759 751 350 526 2 252 882 538 860 272 448 311 062 1 912 384 460 595 1 432 163 090 648 1 511 562 999 386 683 901 940 800
TOTAL ACTIF ANNEE PRECEDENTE 9 271 335 270 490 594 394 788 406 1 901 441 270 098 270 442 698 545 2 519 111 530 344 1 506 211 128 171 1 729 253 587 323 750 480 267 603