Source PDF : Situation_Comptable_de_la_BEAC_Novembre_2014_7e83ee6e.pdf
Chemin original : scraping\beac_data\Publications\Situations Comptables\Situation_Comptable_de_la_BEAC_Novembre_2014_7e83ee6e.pdf
Date extraction : 15/06/2026 21:21:41
======================================================================

--- Page 1 ---
06/06/2017 07:43
BANQUE DES ETATS DE L'AFRIQUE CENTRALE
SITUATION COMPTABLE : NOVEMBRE 2014
ACTIF
N°
POSTES OU LIGNES ZONE SCES CX CAMEROUN RCA CONGO GABON GUINEE EQUAT. TCHAD
LIGNES
10 DISPONIBILITES EXTERIEURES 8 006 931 410 008 254 572 819 011 1 579 015 398 873 133 023 012 893 2 638 477 265 488 1 213 894 264 424 1 702 656 313 019 485 292 336 300
15 Avoirs Extérieurs à vue 3 775 880 217 156 254 572 819 011 722 746 061 748 61 145 425 900 1 192 867 308 246 543 145 441 862 779 088 239 476 222 314 920 913
20 Billets Etrangers 50 060 929 385 1 152 132 433 16 733 731 998 1 877 608 522 931 068 594 6 295 288 022 17 586 666 297 5 484 433 519
30 Correspondants Hors Zone d'Emission -55 260 516 335 -55 260 516 335 0 0 0 0 0 0
40 Trésor Français 3 781 079 804 106 308 681 202 913 706 012 329 750 59 267 817 378 1 191 936 239 652 536 850 153 840 761 501 573 179 216 830 487 394
50 Compte d'Opérations 3 618 827 452 006 308 681 202 913 673 022 952 579 56 498 598 951 1 136 241 413 208 511 765 107 216 725 919 386 360 206 698 790 780
60 Compte Spécial de Nivellement 162 252 352 100 0 32 989 377 171 2 769 218 428 55 694 826 445 25 085 046 624 35 582 186 819 10 131 696 614
70 Autres avoirs extérieurs (SDM) 4 231 051 192 852 0 856 269 337 125 71 877 586 993 1 445 609 957 242 670 748 822 562 923 568 073 543 262 977 415 387
80 Comptes Courants Chez Correspondants Etrangers 4 231 051 192 852 0 856 269 337 125 71 877 586 993 1 445 609 957 242 670 748 822 562 923 568 073 543 262 977 415 387
90 Opérations sur le Marché Financier 0 0 0 0 0 0 0 0
100 ENCAISSE–OR 110 848 211 472 63 519 471 908 18 612 304 799 6 913 300 869 6 913 408 364 7 976 594 916 0 6 913 130 616
110 FONDS MONETAIRE INTERNATIONAL 288 244 614 092 1 470 906 838 44 063 032 108 10 534 856 757 68 193 688 632 127 998 814 878 25 199 104 104 10 784 210 775
120 Quotes-Parts en Devises 100 677 053 023 0 32 391 809 831 8 662 283 680 14 215 629 695 25 751 773 695 8 912 212 061 10 743 344 061
130 Avoirs en D.T.S. 187 567 561 069 1 470 906 838 11 671 222 277 1 872 573 077 53 978 058 937 102 247 041 183 16 286 892 043 40 866 714
140 CREANCES SUR LES BANQUES 52 367 201 694 0 18 264 000 000 0 16 903 201 694 8 200 000 000 0 9 000 000 000
150 Concours du Marché Monetaire : Guichet A 35 464 000 000 0 18 264 000 000 0 0 8 200 000 000 0 9 000 000 000
160 Appels d'Offres 33 164 000 000 0 18 264 000 000 0 0 8 200 000 000 0 6 700 000 000
170 Pensions et Autres 2 300 000 000 0 0 0 0 0 0 2 300 000 000
180 Avances à Moyen Terme Irrévocables : Guichet B 16 903 201 694 0 0 0 16 903 201 694 0 0 0
190 Créances Impayées 0 0 0 0 0 0 0 0
200 CREANCES SUR LES TRESORS NATIONAUX 933 400 509 742 0 209 797 833 74 993 189 404 209 797 833 257 709 797 833 372 289 386 802 227 988 540 037
210 Avances en Comptes Courants (Art. 18) 844 649 165 564 0 0 21 949 216 297 0 257 500 000 000 372 079 588 969 193 120 360 298
220 Avances Exceptionnelles 4 884 227 796 0 209 797 833 3 835 238 631 209 797 833 209 797 833 209 797 833 209 797 833
230 Crédits à l'Economie Consolidés sur l'Etat 83 867 116 382 0 0 49 208 734 476 0 0 0 34 658 381 906
239 CONTREPARTIE DES ALLOCATIONS DE DTS VERSEES AUX ETATS 169 989 651 493 105 988 473 233 32 039 118 360 0 0 0 31 962 059 900
240 VALEURS IMMOBILISEES 254 148 505 158 224 060 956 472 7 248 227 455 2 413 360 368 4 919 581 746 5 157 646 383 6 474 012 300 3 874 720 434
250 Immobilisations Financières 58 628 750 812 39 362 479 062 6 137 692 206 1 762 747 233 3 622 493 637 2 351 969 807 2 536 789 043 2 854 579 824
260 Créances sur le Personnel 32 111 968 827 12 914 781 565 6 106 689 009 1 758 291 058 3 612 439 291 2 351 757 607 2 536 789 043 2 831 221 254
270 Créances sur les Autres Banques Centrales 0 0 0 0 0 0 0 0
280 Titres de Participations 24 141 810 673 24 141 810 673 0 0 0 0 0 0
290 Autres Immobilisations Financières 2 374 971 312 2 305 886 824 31 003 197 4 456 175 10 054 346 212 200 0 23 358 570
300 Immobilisations Incorporelles 11 138 552 936 11 137 594 136 0 958 800 0 0 0 0
310 Immobilisations Corporelles 180 334 215 936 169 513 897 800 1 110 535 249 649 654 335 1 297 088 109 2 805 676 576 3 937 223 257 1 020 140 610
320 Autres immobilisations 4 046 985 474 4 046 985 474 0 0 0 0 0 0
330 AUTRES ACTIFS 32 518 780 788 32 518 780 788 0 0 0 0 0 0
340 DEBITEURS DIVERS 19 706 500 647 1 984 651 591 5 323 259 117 2 572 504 575 2 495 265 363 4 829 524 522 94 155 873 2 407 139 606
350 Avances Diverses au Personnel 3 932 898 291 2 963 108 532 284 398 860 96 366 965 146 378 532 214 570 620 54 454 455 173 620 327
360 Autres Débiteurs Divers 109 879 929 -1 136 133 338 540 325 0 8 566 868 1 177 714 536 39 701 418 19 490 120
370 Comptes de Régularisations - Actif 15 663 722 427 157 676 397 5 038 319 932 2 476 137 610 2 340 319 963 3 437 239 366 0 2 214 029 159
380 TOTAL DE L'ACTIF 9 868 155 385 094 578 127 586 608 1 778 724 493 418 262 489 343 226 2 738 112 209 120 1 625 766 642 956 2 106 712 972 098 778 222 137 668
TOTAL ACTIF ANNEE PRECEDENTE 9 597 861 164 353 616 886 606 124 1 784 579 488 452 202 987 189 972 2 914 936 770 986 1 453 124 556 288 1 869 955 322 290 755 391 230 241