Source PDF : Situation_Comptable_de_la_BEAC_Février_2016_d45248e8.pdf
Chemin original : scraping\beac_data\Publications\Situations Comptables\Situation_Comptable_de_la_BEAC_Février_2016_d45248e8.pdf
Date extraction : 15/06/2026 21:21:02
======================================================================

--- Page 1 ---
06/06/2017 07:56
BANQUE DES ETATS DE L'AFRIQUE CENTRALE
SITUATION COMPTABLE : FEVRIER 2016
ACTIF
N°
POSTES OU LIGNES ZONE SCES CX CAMEROUN RCA CONGO GABON GUINEE EQUAT. TCHAD
LIGNES
10 DISPONIBILITES EXTERIEURES 5 159 963 808 030 364 859 495 807 1 895 160 803 357 123 567 379 632 1 264 034 585 026 913 447 957 705 576 933 960 108 21 959 626 395
15 Avoirs Extérieurs à vue 2 629 669 624 053 364 859 495 807 854 446 143 314 63 866 297 880 585 161 864 115 441 021 479 849 276 006 546 804 44 307 796 284
20 Billets Etrangers 248 268 546 376 47 028 430 196 1 110 328 572 14 914 290 962 28 518 983 366 64 803 710 481 29 260 585 333 62 632 217 466
30 Correspondants Hors Zone d'Emission -62 627 810 718 -62 627 810 718 0 0 0 0 0 0
40 Trésor Français 2 444 028 888 395 380 458 876 329 853 335 814 742 48 952 006 918 556 642 880 749 376 217 769 368 246 745 961 471 -18 324 421 182
50 Compte d'Opérations 2 444 028 888 394 380 458 876 329 853 335 814 741 48 952 006 918 556 642 880 749 376 217 769 368 246 745 961 471 -18 324 421 182
60 Compte Spécial de Nivellement 1 0 0 0 0 0 0 0
70 Autres avoirs extérieurs (SDM) 2 530 294 183 977 0 1 040 714 660 043 59 701 081 752 678 872 720 911 472 426 477 856 300 927 413 304 -22 348 169 889
80 Comptes Courants Chez Correspondants Etrangers 2 530 294 183 977 0 1 040 714 660 043 59 701 081 752 678 872 720 911 472 426 477 856 300 927 413 304 -22 348 169 889
90 Opérations sur le Marché Financier 0 0 0 0 0 0 0 0
100 ENCAISSE–OR 150 307 311 952 93 592 287 133 22 303 516 601 8 284 353 947 8 284 482 759 9 558 521 584 0 8 284 149 928
110 FONDS MONETAIRE INTERNATIONAL 335 189 424 187 17 191 269 47 622 470 711 21 273 605 032 73 707 245 114 138 347 741 201 27 235 248 758 26 985 922 102
120 Quotes-Parts en Devises 148 555 419 425 0 35 011 271 203 20 950 955 426 15 365 219 454 40 670 715 426 9 632 924 961 26 924 332 955
130 Avoirs en D.T.S. 186 634 004 762 17 191 269 12 611 199 508 322 649 606 58 342 025 660 97 677 025 775 17 602 323 797 61 589 147
140 CREANCES SUR LES BANQUES 325 270 403 265 0 34 447 000 000 0 34 823 403 265 19 500 000 000 120 000 000 000 116 500 000 000
150 Concours du Marché Monetaire : Guichet A 290 447 000 000 0 34 447 000 000 0 0 19 500 000 000 120 000 000 000 116 500 000 000
160 Appels d'Offres 290 447 000 000 0 34 447 000 000 0 0 19 500 000 000 120 000 000 000 116 500 000 000
170 Pensions et Autres 0 0 0 0 0 0 0 0
180 Avances à Moyen Terme Irrévocables : Guichet B 34 823 403 265 0 0 0 34 823 403 265 0 0 0
190 Créances Impayées 0 0 0 0 0 0 0 0
200 CREANCES SUR LES TRESORS NATIONAUX 2 281 622 918 997 0 201 577 696 337 76 138 331 403 572 706 404 556 453 082 120 995 519 424 407 368 458 693 958 338
210 Avances en Comptes Courants (Art. 18) 2 050 183 517 728 0 200 933 424 657 22 570 673 815 572 062 132 876 452 437 849 315 518 780 135 688 283 399 301 377
220 Avances Exceptionnelles 147 572 284 887 0 644 271 680 4 358 923 112 644 271 680 644 271 680 644 271 680 140 636 275 055
230 Crédits à l'Economie Consolidés sur l'Etat 83 867 116 382 0 0 49 208 734 476 0 0 0 34 658 381 906
185 437 362 470
239 CONTREPARTIE DES ALLOCATIONS DE DTS VERSEES AUX ETATS 114 559 550 702 36 331 043 521 0 0 0 34 546 768 247
240 VALEURS IMMOBILISEES 363 834 064 407 327 543 287 837 9 446 708 314 3 391 282 137 6 117 681 569 5 421 628 914 6 598 763 084 5 314 712 552
250 Immobilisations Financières 159 198 724 724 136 732 313 782 7 113 666 847 2 180 762 363 4 301 304 379 2 396 145 423 2 882 821 808 3 591 710 122
260 Créances sur le Personnel 35 919 395 518 13 522 156 664 7 082 576 050 2 176 306 188 4 291 250 033 2 395 933 223 2 882 821 808 3 568 351 552
270 Créances sur les Autres Banques Centrales 0 0 0 0 0 0 0 0
280 Titres de Participations 42 730 338 280 42 730 338 280 0 0 0 0 0 0
290 Autres Immobilisations Financières 80 548 990 926 80 479 818 838 31 090 797 4 456 175 10 054 346 212 200 0 23 358 570
300 Immobilisations Incorporelles 14 037 799 431 14 036 470 031 0 453 400 0 876 000 0 0
310 Immobilisations Corporelles 184 214 949 669 170 391 913 441 2 333 041 467 1 210 066 374 1 816 377 190 3 024 607 491 3 715 941 276 1 723 002 430
320 Autres immobilisations 6 382 590 583 6 382 590 583 0 0 0 0 0 0
330 AUTRES ACTIFS 26 513 250 363 26 513 250 363 0 0 0 0 0
340 DEBITEURS DIVERS 28 688 451 944 1 965 858 478 8 027 971 121 4 887 333 950 3 038 873 313 6 817 047 051 569 100 355 3 382 267 676
350 Avances Diverses au Personnel 4 017 794 138 3 066 312 745 250 999 739 51 747 283 179 403 102 200 779 481 30 681 732 237 870 056
360 Autres Débiteurs Divers 73 022 551 -1 418 817 577 1 538 235 0 8 566 868 1 481 106 816 0 628 209
370 Comptes de Régularisations - Actif 24 597 635 255 318 363 310 7 775 433 147 4 835 586 667 2 850 903 343 5 135 160 754 538 418 623 3 143 769 411
380 TOTAL DE L'ACTIF 8 856 826 995 615 814 491 370 887 2 333 145 717 143 273 873 329 622 1 962 712 675 602 1 546 175 017 450 1 250 761 479 673 675 667 405 238
TOTAL ACTIF ANNEE PRECEDENTE 9 851 197 506 247 597 491 851 277 1 968 601 512 598 265 715 485 983 2 763 767 991 265 1 631 910 484 668 1 846 746 303 296 776 963 877 160