Source PDF : Situation_comptable_de_la_BEAC_au_30_novembre_2009_5f4a7d4b.pdf
Chemin original : scraping\beac_data\Publications\Situations Comptables\Situation_comptable_de_la_BEAC_au_30_novembre_2009_5f4a7d4b.pdf
Date extraction : 15/06/2026 21:22:55
======================================================================

--- Page 1 ---
04/01/2010 09:15
BANQUE DES ETATS DE L'AFRIQUE CENTRALE
SITUATION COMPTABLE : NOVEMBRE 2009
ACTIF
N°
POSTES OU LIGNES ZONE SCES CX CAMEROUN RCA CONGO GABON GUINEE EQUAT. TCHAD
LIGNES
10 DISPONIBILITES EXTERIEURES 6 093 859 556 052 313 141 935 395 1 524 479 591 986 91 080 673 816 1 599 001 194 235 794 956 678 346 1 542 653 916 085 228 545 566 189
15 Avoirs Extérieurs à vue 5 413 478 621 150 313 141 935 395 1 336 075 503 678 75 574 112 506 1 410 401 955 032 695 205 473 709 1 385 726 365 357 197 353 275 473
20 Billets Etrangers 14 505 136 379 357 564 413 2 250 709 811 98 308 276 496 913 634 1 947 296 763 8 404 543 980 949 799 502
30 Correspondants Hors Zone d'Emission 46 371 414 365 46 371 414 365 0 0 0 0 0 0
40 Trésor Français 5 352 602 070 406 266 412 956 617 1 333 824 793 867 75 475 804 230 1 409 905 041 398 693 258 176 946 1 377 321 821 377 196 403 475 971
50 Compte d'Opérations 3 260 492 814 606 266 412 956 617 783 098 161 005 44 312 389 277 827 765 423 306 407 016 878 052 816 577 108 411 115 309 897 938
60 Compte Spécial de Nivellement 2 092 109 255 800 0 550 726 632 862 31 163 414 953 582 139 618 092 286 241 298 894 560 744 712 966 81 093 578 033
70 Autres avoirs extérieurs (SDM) 680 380 934 902 0 188 404 088 308 15 506 561 310 188 599 239 203 99 751 204 637 156 927 550 728 31 192 290 716
p p
80 Etrangers 248 932 931 762 0 64 678 514 679 3 659 898 162 68 367 722 909 36 847 933 161 65 855 059 452 9 523 803 398
90 Opérations sur le Marché Financier 431 448 003 140 0 123 725 573 629 11 846 663 147 120 231 516 294 62 903 271 476 91 072 491 276 21 668 487 318
100 ENCAISSE–OR 0 0 0 0 0 0 0 0
110 FONDS MONETAIRE INTERNATIONAL 419 937 019 026 59 014 825 810 139 060 247 517 9 918 566 203 62 257 989 708 116 882 978 321 22 915 329 794 9 887 081 673
120 Quotes-Parts en Devises 86 610 556 444 0 29 581 340 595 7 909 449 357 12 982 042 878 23 510 398 800 4 679 207 038 7 948 117 776
130 Avoirs en D.T.S. 333 326 462 582 59 014 825 810 109 478 906 922 2 009 116 846 49 275 946 830 93 372 579 521 18 236 122 756 1 938 963 897
140 CREANCES SUR LES BANQUES 17 435 000 000 0 5 585 000 000 0 3 000 000 000 0 0 8 850 000 000
150 Concours du Marché Monetaire : Guichet A 17 074 000 000 0 5 224 000 000 0 3 000 000 000 0 0 8 850 000 000
160 Appels d'Offres 14 074 000 000 0 5 224 000 000 0 0 0 0 8 850 000 000
170 Pensions et Autres 3 000 000 000 0 0 0 3 000 000 000 0 0 0
180 Avances à Moyen Terme Irrévocables : Guichet B 361 000 000 0 361 000 000 0 0 0 0 0
190 Créances Impayées 0 0 0 0 0 0 0 0
200 CREANCES SUR LES TRESORS NATIONAUX 337 562 253 010 0 308 713 534 64 970 239 331 42 000 000 000 90 181 362 745 0 140 101 937 400
210 Avances en Comptes Courants (Art. 18) 257 972 685 294 0 0 18 614 526 137 42 000 000 000 90 000 000 000 0 107 358 159 157
220 Avances Exceptionnelles 3 000 000 000 0 0 3 000 000 000 0 0 0 0
230 Crédits à l'Economie Consolidés sur l'Etat 76 589 567 716 0 308 713 534 43 355 713 194 0 181 362 745 0 32 743 778 243
CONTREPARTIE DES ALLOCATIONS DE DTS
239 VERSEES AUX ETATS 58 216 573 948 0 0 29 030 108 922 0 0 0 29 186 465 026
240 VALEURS IMMOBILISEES 223 676 979 912 197 725 911 332 7 408 410 815 2 663 842 684 5 482 092 041 5 892 798 321 2 028 992 322 2 474 932 397
250 Immobilisations Financières 21 982 455 654 16 976 612 074 1 830 281 116 541 933 683 1 139 180 476 478 675 125 582 892 876 432 880 304
260 Créances sur le Personnel 11 996 413 769 6 990 972 694 1 829 878 611 541 933 683 1 139 180 476 478 675 125 582 892 876 432 880 304
270 Créances sur les Autres Banques Centrales 5 906 945 214 5 906 945 214 0 0 0 0 0 0
280 Titres de Participations 4 078 694 166 4 078 694 166 0 0 0 0 0 0
290 Autres Immobilisations Financières 402 505 0 402 505 0 0 0 0 0
300 Immobilisations Incorporelles 19 991 258 926 19 991 258 926 0 0 0 0 0 0
310 Immobilisations Corporelles 126 757 629 343 105 812 404 343 5 578 129 699 2 121 909 001 4 342 911 565 5 414 123 196 1 446 099 446 2 042 052 093
320 Autres Valeurs Immobilisées 54 945 635 989 54 945 635 989 0 0 0 0 0 0
330 DEBITEURS DIVERS 44 086 580 477 21 957 449 802 6 141 176 368 2 761 934 247 3 253 020 493 7 087 661 905 304 142 022 2 581 195 640
340 Avances Diverses au Personnel 2 348 395 642 1 689 815 459 180 142 108 76 421 622 62 165 753 177 664 290 64 396 684 97 789 726
350 Autres Débiteurs Divers 23 130 516 326 20 186 209 948 152 193 008 7 076 142 576 703 916 1 986 825 216 186 166 427 35 341 669
360 Comptes de Régularisations - Actif 18 607 668 509 81 424 395 5 808 841 252 2 678 436 483 2 614 150 824 4 923 172 399 53 578 911 2 448 064 245
370 TOTAL DE L'ACTIF 7 194 773 962 425 591 840 122 339 1 682 983 140 220 200 425 365 203 1 714 994 296 477 1 015 001 479 638 1 567 902 380 223 421 627 178 325
TOTAL ACTIF ANNEE PRECEDENTE 7 532 565 497 523 653 816 675 423 1 485 203 100 536 132 892 641 868 1 648 247 572 921 898 953 146 870 2 119 432 153 230 594 020 206 675
Contrôle ‐ Egalité Actif et Passif 0 0 0 0 0 0 0 0

--- Page 2 ---
04/01/2010 09:17
BANQUE DES ETATS DE L'AFRIQUE CENTRALE
SITUATION COMPTABLE : NOVEMBRE 2009
PASSIF
N° LIGNE POSTES OU LIGNES ZONE SCES CX CAMEROUN RCA CONGO GABON GUINEE EQUAT. TCHAD
10 BILLETS ET PIECES EN CIRCULATION 1 746 853 474 145 529 763 535 870 79 358 609 160 396 739 974 451 310 810 695 261 128 983 516 795 301 197 142 608
20 TRESORS ET COMPTABLES PUBLICS NATIONAUX 2 768 685 159 366 314 004 168 547 306 107 483 32 720 004 352 906 406 450 321 275 339 008 751 989 987 503 766 16 612 080 525
30 Comptes courants 565 769 688 017 0 274 724 934 757 29 763 739 397 109 996 067 416 100 675 190 322 41 423 445 365 9 186 310 760
40 Fonds de Stabilisation des Recettes Budgétaires 1 452 753 233 617 0 0 0 783 594 812 314 0 669 158 421 303 0
50 Fonds de Réserves Pour Générations Futures 209 618 460 732 0 0 0 0 171 052 064 120 38 566 396 612 0
60 Dépôts spéciaux 540 543 777 000 314 004 168 272 581 172 726 2 956 264 955 12 815 570 591 3 611 754 309 240 839 240 486 7 425 769 765
70 BANQUES ET INSTITUTIONS FINANCIERES 1 779 749 715 394 0 593 151 728 422 23 902 278 071 358 825 509 183 307 625 458 420 441 098 090 460 55 146 650 838
80 Banques et Institutions Etrangères 95 735 319 834 0 32 783 204 384 9 399 660 899 14 158 353 577 24 632 114 697 3 997 157 338 10 764 828 939
90 Banques et Institutions Financières de la Zone 1 684 014 395 560 0 560 368 524 038 14 502 617 172 344 667 155 606 282 993 343 723 437 100 933 122 44 381 821 899
100 Comptes courants 443 825 135 041 0 212 732 524 038 13 252 617 172 75 893 895 087 53 723 343 723 66 255 933 122 21 966 821 899
110 Dépôts et placements sur marché monétaire 704 454 260 519 0 155 500 000 000 1 250 000 000 177 104 260 519 127 600 000 000 243 000 000 000 0
120 Comptes de Réserves Obligatoires 535 735 000 000 0 192 136 000 000 0 91 669 000 000 101 670 000 000 127 845 000 000 22 415 000 000
130 Autres Comptes des Etablissements de Crédit 0 0 0 0 0 0 0 0
140 AUTRES COMPTES COURANTS 35 298 239 431 15 260 284 157 2 508 650 706 777 517 586 5 442 570 991 6 472 107 157 3 752 901 612 1 084 207 222
150 FMI : ALLOCATION DES D.T.S. 381 028 193 465 0 124 629 623 088 37 521 767 574 56 026 075 503 103 152 870 972 21 999 121 680 37 698 734 648
160 EMPRUNTS ET DETTES A LONG ET MOYEN TERME 8 945 606 965 8 945 606 965 0 0 0 0 0 0
170 AUTRES PASSIFS 185 846 070 185 846 070 0 0 0 0 0 0
180 PROVISIONS 34 760 447 740 34 760 447 740 0 0 0 0 0 0
190 REPORT A NOUVEAU 0 0 0 0 0 0 0 0
200 RESERVES 299 897 980 530 387 465 533 691 -112 468 246 972 23 897 716 245 -2 307 550 546 -4 150 364 654 -1 911 356 753 9 372 249 519
210 CAPITAL ET PRIME D'AUGMENTATION 91 507 313 350 91 507 313 350 0 0 0 0 0 0
220 CREDITEURS DIVERS 17 217 668 130 4 986 519 487 5 246 033 607 161 343 556 4 400 639 592 248 446 451 222 382 737 1 952 302 700
230 TRANSFERTS NON DENOUES 21 453 556 913 12 639 394 236 292 299 36 855 042 724 998 743 19 937 816 163 0 504 955 272
240 COMPTES DE REGULARISATIONS - PASSIF 8 720 149 992 137 774 675 4 546 984 378 22 551 450 3 160 550 115 257 220 788 582 154 63 450 000
250 COMPTE DE RESULTAT 470 610 934 48 264 152 642 -11 937 568 661 2 026 722 167 -14 424 921 876 -4 434 816 103 -17 018 362 228 -2 004 595 007
260 TOTAL DU PASSIF 7 194 773 962 425 591 840 122 339 1 682 983 140 220 200 425 365 203 1 714 994 296 477 1 015 001 479 638 1 567 902 380 223 421 627 178 325
TOTAL PASSIF ANNEE PRECEDENTE 7 532 565 497 523 653 816 675 423 1 485 203 100 536 132 892 641 868 1 648 247 572 921 898 953 146 870 2 119 432 153 230 594 020 206 675