Source PDF : Situation_Comptable_de_la_BEAC_au_30_juin_2013_3b484b65.pdf
Chemin original : scraping\beac_data\Publications\Situations Comptables\Situation_Comptable_de_la_BEAC_au_30_juin_2013_3b484b65.pdf
Date extraction : 15/06/2026 21:22:32
======================================================================

--- Page 1 ---
06/08/2013 09:24
BANQUE DES ETATS DE L'AFRIQUE CENTRALE
SITUATION COMPTABLE : JUIN 2013
ACTIF
N°
POSTES OU LIGNES ZONE SCES CX CAMEROUN RCA CONGO GABON GUINEE EQUAT. TCHAD
LIGNES
10 DISPONIBILITES EXTERIEURES 8 641 845 155 604 237 971 174 077 1 699 804 992 626 77 085 316 917 2 596 083 309 752 1 051 027 448 055 2 518 313 738 217 461 559 175 960
15 Avoirs Extérieurs à vue 5 692 485 004 689 237 971 174 077 1 111 828 057 366 50 656 183 808 1 697 037 339 033 645 361 719 774 1 647 484 626 121 302 145 904 511
20 Billets Etrangers 15 608 926 507 899 645 056 3 187 167 149 823 586 812 1 870 041 565 1 738 154 983 5 520 963 661 1 569 367 281
30 Correspondants Hors Zone d'Emission -28 701 672 459 -28 701 672 459 0 0 0 0 0 0
40 Trésor Français 5 705 577 750 641 265 773 201 480 1 108 640 890 217 49 832 596 996 1 695 167 297 468 643 623 564 791 1 641 963 662 460 300 576 537 230
50 Compte d'Opérations 5 296 463 929 311 265 773 201 480 1 025 262 833 556 46 084 814 343 1 567 678 102 923 595 218 276 363 1 518 475 758 945 277 970 941 700
60 Compte Spécial de Nivellement 409 113 821 330 0 83 378 056 661 3 747 782 652 127 489 194 545 48 405 288 427 123 487 903 515 22 605 595 530
70 Autres avoirs extérieurs (SDM) 2 949 360 150 915 0 587 976 935 260 26 429 133 109 899 045 970 719 405 665 728 281 870 829 112 096 159 413 271 449
80 Comptes Courants Chez Correspondants Etrangers 2 949 360 150 915 0 587 976 935 260 26 429 133 109 899 045 970 719 405 665 728 281 870 829 112 096 159 413 271 449
90 Opérations sur le Marché Financier 0 0 0 0 0 0 0 0
100 ENCAISSE–OR 107 215 610 513 61 437 878 605 18 002 361 929 6 686 745 447 6 686 849 419 7 715 194 340 0 6 686 580 773
110 FONDS MONETAIRE INTERNATIONAL 284 936 408 868 3 630 432 239 43 201 756 196 10 566 206 538 66 895 270 283 125 390 588 454 24 687 678 822 10 564 476 336
120 Quotes-Parts en Devises 98 624 975 457 0 31 731 574 909 8 485 722 314 13 925 875 735 25 226 881 125 8 730 556 461 10 524 364 913
130 Avoirs en D.T.S. 186 311 433 411 3 630 432 239 11 470 181 287 2 080 484 224 52 969 394 548 100 163 707 329 15 957 122 361 40 111 423
140 CREANCES SUR LES BANQUES 13 604 475 694 0 2 454 000 000 0 9 250 475 694 0 0 1 900 000 000
150 Concours du Marché Monetaire : Guichet A 4 354 000 000 0 2 454 000 000 0 0 0 0 1 900 000 000
160 Appels d'Offres 4 339 000 000 0 2 439 000 000 0 0 0 0 1 900 000 000
170 Pensions et Autres 15 000 000 0 15 000 000 0 0 0 0 0
180 Avances à Moyen Terme Irrévocables : Guichet B 9 250 475 694 0 0 0 9 250 475 694 0 0 0
190 Créances Impayées 0 0 0 0 0 0 0 0
200 CREANCES SUR LES TRESORS NATIONAUX 541 880 643 130 0 472 467 818 72 852 695 973 472 467 818 242 972 467 818 472 467 816 224 638 075 887
210 Avances en Comptes Courants (Art. 18) 454 437 582 855 0 0 21 097 342 004 0 242 500 000 000 0 190 840 240 851
220 Avances Exceptionnelles 6 209 629 977 0 472 467 818 3 847 290 889 472 467 818 472 467 818 472 467 816 472 467 818
230 Crédits à l'Economie Consolidés sur l'Etat 81 233 430 298 0 0 47 908 063 080 0 0 0 33 325 367 218
CONTREPARTIE DES ALLOCATIONS DE DTS VERSEES AUX ETATS 166 281 567 816 103 828 134 191 31 142 849 153 0 0 0 31 310 584 472
239
240 VALEURS IMMOBILISEES 239 466 316 316 215 311 180 338 7 729 346 344 2 524 033 945 4 628 127 268 2 976 225 823 2 198 265 023 4 099 137 575
250 Immobilisations Financières 50 602 994 085 33 667 141 848 6 139 342 651 1 565 497 033 2 824 972 957 2 012 070 193 1 841 893 815 2 552 075 588
260 Créances sur le Personnel 27 600 533 100 10 734 274 351 6 108 357 454 1 560 460 858 2 814 971 611 2 011 857 993 1 841 893 815 2 528 717 018
270 Créances sur les Autres Banques Centrales 0 0 0 0 0 0 0 0
280 Titres de Participations 20 626 480 673 20 626 480 673 0 0 0 0 0 0
290 Autres Immobilisations Financières 2 375 980 312 2 306 386 824 30 985 197 5 036 175 10 001 346 212 200 0 23 358 570
300 Immobilisations Incorporelles 10 843 877 371 10 843 877 371 0 0 0 0 0 0
310 Immobilisations Corporelles 177 461 482 152 170 242 198 411 1 590 003 693 958 536 912 1 803 154 311 964 155 630 356 371 208 1 547 061 987
320 Autres immobilisations 557 962 708 557 962 708 0 0 0 0 0 0
330 AUTRES ACTIFS 34 106 038 942 34 106 038 942 0 0 0 0 0 0
340 DEBITEURS DIVERS 23 419 583 590 2 358 675 694 6 540 567 836 3 037 244 994 2 713 835 375 5 799 179 421 227 988 104 2 742 092 166
350 Avances Diverses au Personnel 3 678 396 405 2 585 742 996 222 789 614 253 280 682 228 903 411 166 996 676 44 385 943 176 297 083
360 Autres Débiteurs Divers 856 136 469 -356 640 011 -675 072 9 590 17 089 837 1 124 759 848 69 076 921 2 515 356
370 Comptes de Régularisations - Actif 18 885 050 716 129 572 709 6 318 453 294 2 783 954 722 2 467 842 127 4 507 422 897 114 525 240 2 563 279 727
380 TOTAL DE L'ACTIF 10 052 755 800 473 554 815 379 895 1 882 033 626 940 203 895 092 967 2 686 730 335 609 1 435 881 103 911 2 545 900 137 982 743 500 123 169
TOTAL ACTIF ANNEE PRECEDENTE 9 351 513 609 935 589 052 833 072 1 778 764 221 831 202 754 633 662 2 984 165 306 047 1 432 807 501 846 1 605 074 624 887 758 894 488 590

--- Page 2 ---
06/08/2013 09:24
BANQUE DES ETATS DE L'AFRIQUE CENTRALE
SITUATION COMPTABLE : JUIN 2013
PASSIF
N° LIGNE POSTES OU LIGNES ZONE SCES CX CAMEROUN RCA CONGO GABON GUINEE EQUAT. TCHAD
10 BILLETS ET PIECES EN CIRCULATION 2 471 071 888 822 599 896 695 307 115 292 703 274 640 096 990 006 415 117 486 199 269 025 138 938 431 642 875 098
20 TRESORS ET COMPTABLES PUBLICS NATIONAUX 3 498 393 774 304 7 776 939 595 371 365 353 858 2 156 184 499 1 453 183 919 526 326 750 425 766 1 221 280 378 188 115 880 572 872
30 Comptes courants 613 063 031 884 0 62 364 809 334 473 630 540 221 201 574 859 71 744 552 440 206 628 298 191 50 650 166 520
40 Fonds de Stabilisation des Recettes Budgétaires 531 951 514 091 0 0 0 188 943 307 401 0 327 361 301 298 15 646 905 392
50 Fonds de Réserves Pour Générations Futures 1 294 837 942 369 0 0 0 1 029 484 546 946 189 913 367 659 75 440 027 764 0
60 Dépôts spéciaux 1 058 541 285 960 7 776 939 595 309 000 544 524 1 682 553 959 13 554 490 320 65 092 505 667 611 850 750 935 49 583 500 960
70 BANQUES ET INSTITUTIONS FINANCIERES 3 121 759 905 010 0 849 071 710 048 12 021 856 332 521 755 767 426 573 083 940 367 1 024 256 300 936 141 570 329 901
80 Banques et Institutions Etrangères 94 761 256 902 0 32 734 865 827 9 371 644 190 13 406 664 708 25 144 454 829 4 089 490 628 10 014 136 720
90 Banques et Institutions Financières de la Zone 3 026 998 648 108 0 816 336 844 221 2 650 212 142 508 349 102 718 547 939 485 538 1 020 166 810 308 131 556 193 181
100 Comptes courants 2 053 942 255 754 0 536 853 844 221 2 650 212 142 262 258 710 364 339 936 485 538 821 506 810 308 90 736 193 181
110 Dépôts et placements sur marché monétaire 55 392 354 0 0 0 55 392 354 0 0 0
120 Comptes de Réserves Obligatoires 973 001 000 000 0 279 483 000 000 0 246 035 000 000 208 003 000 000 198 660 000 000 40 820 000 000
130 Autres Comptes des Etablissements de Crédit 0 0 0 0 0 0 0 0
140 AUTRES COMPTES COURANTS 104 209 384 007 12 783 711 267 43 540 124 389 4 201 099 770 19 552 250 728 12 428 163 409 10 559 713 464 1 144 320 980
150 FMI : ALLOCATION DES D.T.S. 408 758 492 248 0 133 699 861 838 40 252 509 926 60 103 516 071 110 660 084 302 23 600 163 879 40 442 356 232
160 EMPRUNTS ET DETTES A LONG ET MOYEN TERME 10 512 689 265 10 512 689 265 0 0 0 0 0 0
170 AUTRES PASSIFS 0 0 0 0 0 0 0 0
180 PROVISIONS 14 837 514 150 14 837 514 150 0 0 0 0 0 0
190 REPORT A NOUVEAU 0 0 0 0 0 0 0 0
200 RESERVES 298 301 668 125 385 869 221 286 -112 468 246 972 23 897 716 245 -2 307 550 546 -4 150 364 654 -1 911 356 753 9 372 249 519
210 CAPITAL ET PRIME D'AUGMENTATION 91 507 313 350 91 507 313 350 0 0 0 0 0 0
220 CREDITEURS DIVERS 21 820 210 060 9 162 909 887 145 120 636 7 607 099 809 536 467 018 399 347 413 144 412 299 3 824 852 998
230 TRANSFERTS NON DENOUES 53 713 243 12 639 427 5 968 099 2 504 870 6 273 291 26 327 556 0 0
240 COMPTES DE REGULARISATIONS - PASSIF 4 531 474 226 1 030 895 594 1 348 211 198 24 551 549 1 718 064 713 1 553 298 85 470 444 322 727 430
250 COMPTE DE RESULTAT 6 997 773 663 21 321 546 074 -4 571 171 461 -1 561 133 307 -7 915 362 624 1 564 140 255 -1 140 083 413 -700 161 861
270 TOTAL DU PASSIF 10 052 755 800 473 554 815 379 895 1 882 033 626 940 203 895 092 967 2 686 730 335 609 1 435 881 103 911 2 545 900 137 982 743 500 123 169
TOTAL PASSIF ANNEE PRECEDENTE 9 351 513 609 935 589 052 833 072 1 778 764 221 831 202 754 633 662 2 984 165 306 047 1 432 807 501 846 1 605 074 624 887 758 894 488 590
TAUX DE COUVERTURE 98,13 94,48 70,57 101,33 89,21 100,71 69,37
TAUX DE COUVERTURE DU MOIS ANTERIEUR 98,33 94,40 70,85 101,57 89,30 100,73 65,03