Source PDF : Situation_Comptable_de_la_BEAC_Avril_2014_8116dc5e.pdf
Chemin original : scraping\beac_data\Publications\Situations Comptables\Situation_Comptable_de_la_BEAC_Avril_2014_8116dc5e.pdf
Date extraction : 15/06/2026 21:22:01
======================================================================

--- Page 1 ---
06/06/2017 07:37
BANQUE DES ETATS DE L'AFRIQUE CENTRALE
SITUATION COMPTABLE : AVRIL 2014
ACTIF
N°
POSTES OU LIGNES ZONE SCES CX CAMEROUN RCA CONGO GABON GUINEE EQUAT. TCHAD
LIGNES
10 DISPONIBILITES EXTERIEURES 8 085 263 357 844 257 215 861 525 1 560 357 877 406 100 341 530 110 2 412 698 307 252 1 434 867 516 677 1 943 484 778 198 376 297 486 676
15 Avoirs Extérieurs à vue 3 852 910 022 559 257 215 861 525 718 528 955 981 46 873 935 887 1 103 905 143 086 655 215 618 878 895 869 745 303 175 300 761 899
20 Billets Etrangers 44 811 948 492 -9 370 040 873 13 131 521 176 2 071 597 966 7 222 293 167 6 840 847 413 18 037 043 124 6 878 686 519
30 Correspondants Hors Zone d'Emission -17 274 540 400 -17 274 540 400 0 0 0 0 0 0
40 Trésor Français 3 825 372 614 467 283 860 442 798 705 397 434 805 44 802 337 921 1 096 682 849 919 648 374 771 465 877 832 702 179 168 422 075 380
50 Compte d'Opérations 3 747 220 709 588 283 860 442 798 689 831 159 566 43 813 667 579 1 072 481 929 630 634 066 837 168 858 461 231 882 164 705 440 966
60 Compte Spécial de Nivellement 78 151 904 879 0 15 566 275 239 988 670 342 24 200 920 289 14 307 934 297 19 371 470 297 3 716 634 414
70 Autres avoirs extérieurs (SDM) 4 232 353 335 285 0 841 828 921 425 53 467 594 223 1 308 793 164 166 779 651 897 799 1 047 615 032 895 200 996 724 777
80 Comptes Courants Chez Correspondants Etrangers 4 232 353 335 285 0 841 828 921 425 53 467 594 223 1 308 793 164 166 779 651 897 799 1 047 615 032 895 200 996 724 777
90 Opérations sur le Marché Financier 0 0 0 0 0 0 0 0
100 ENCAISSE–OR 109 023 797 907 62 474 026 206 18 305 971 113 6 799 517 167 6 799 622 891 7 845 310 813 0 6 799 349 717
110 FONDS MONETAIRE INTERNATIONAL 275 326 023 035 1 803 486 698 42 039 609 308 10 051 588 881 65 096 835 442 122 019 558 884 24 022 959 138 10 291 984 684
120 Quotes-Parts en Devises 95 974 088 598 0 30 878 679 235 8 257 639 218 13 551 569 726 24 548 821 563 8 495 892 601 10 241 486 255
130 Avoirs en D.T.S. 179 351 934 437 1 803 486 698 11 160 930 073 1 793 949 663 51 545 265 716 97 470 737 321 15 527 066 537 50 498 429
140 CREANCES SUR LES BANQUES 31 564 225 694 0 5 309 000 000 0 7 995 225 694 0 0 18 260 000 000
150 Concours du Marché Monetaire : Guichet A 23 569 000 000 0 5 309 000 000 0 0 0 0 18 260 000 000
160 Appels d'Offres 22 509 000 000 0 5 309 000 000 0 0 0 0 17 200 000 000
170 Pensions et Autres 1 060 000 000 0 0 0 0 0 0 1 060 000 000
180 Avances à Moyen Terme Irrévocables : Guichet B 7 995 225 694 0 0 0 7 995 225 694 0 0 0
190 Créances Impayées 0 0 0 0 0 0 0 0
200 CREANCES SUR LES TRESORS NATIONAUX 557 288 637 256 0 197 045 414 74 380 974 872 197 045 414 257 697 045 414 197 045 412 224 619 480 730
210 Avances en Comptes Courants (Art. 18) 468 884 216 160 0 0 21 620 162 750 0 257 500 000 000 0 189 764 053 410
220 Avances Exceptionnelles 4 862 472 563 0 197 045 414 3 877 245 495 197 045 414 197 045 414 197 045 412 197 045 414
230 Crédits à l'Economie Consolidés sur l'Etat 83 541 948 533 0 0 48 883 566 627 0 0 0 34 658 381 906
162 039 702 963
239 CONTREPARTIE DES ALLOCATIONS DE DTS VERSEES AUX ETATS 101 037 394 470 30 533 304 122 0 0 0 30 469 004 371
240 VALEURS IMMOBILISEES 252 417 835 786 223 171 798 026 7 492 377 051 2 127 347 537 4 701 532 457 5 562 530 498 5 233 757 004 4 128 493 213
250 Immobilisations Financières 57 008 563 535 38 430 062 863 6 274 525 997 1 446 351 527 3 304 972 313 2 248 624 742 2 361 707 505 2 942 318 588
260 Créances sur le Personnel 30 493 754 550 11 984 865 366 6 243 522 800 1 441 315 352 3 294 970 967 2 248 412 542 2 361 707 505 2 918 960 018
270 Créances sur les Autres Banques Centrales 0 0 0 0 0 0 0 0
280 Titres de Participations 24 141 810 673 24 141 810 673 0 0 0 0 0 0
290 Autres Immobilisations Financières 2 372 998 312 2 303 386 824 31 003 197 5 036 175 10 001 346 212 200 0 23 358 570
300 Immobilisations Incorporelles 10 804 875 602 10 803 471 802 0 958 800 0 0 445 000 0
310 Immobilisations Corporelles 181 795 537 598 171 129 404 310 1 217 851 054 680 037 210 1 396 560 144 3 313 905 756 2 871 604 499 1 186 174 625
320 Autres immobilisations 2 808 859 051 2 808 859 051 0 0 0 0 0 0
330 AUTRES ACTIFS 34 850 699 278 34 850 699 278 0 0 0 0 0 0
340 DEBITEURS DIVERS 20 833 205 480 1 841 410 636 5 933 219 881 2 705 529 234 2 362 427 194 5 453 069 672 87 251 207 2 450 297 656
350 Avances Diverses au Personnel 3 620 962 145 2 703 236 750 261 571 395 160 127 336 112 389 261 188 042 201 47 440 120 148 155 082
360 Autres Débiteurs Divers 137 635 638 -1 047 956 615 11 827 0 14 770 286 1 130 999 053 39 811 087 0
370 Comptes de Régularisations - Actif 17 074 607 697 186 130 501 5 671 636 659 2 545 401 898 2 235 267 647 4 134 028 418 0 2 302 142 574
380 TOTAL DE L'ACTIF 9 528 607 485 243 581 357 282 369 1 740 672 494 643 226 939 791 923 2 499 850 996 344 1 833 445 031 958 1 973 025 790 959 673 316 097 047
TOTAL ACTIF ANNEE PRECEDENTE 9 316 576 478 205 571 832 859 647 1 827 457 403 532 204 928 010 124 2 785 585 384 338 1 427 499 799 917 1 808 100 134 252 691 172 886 395