Source PDF : Situation_Comptable_de_la_BEAC_Septembre_2014_aed6ef8d.pdf
Chemin original : scraping\beac_data\Publications\Situations Comptables\Situation_Comptable_de_la_BEAC_Septembre_2014_aed6ef8d.pdf
Date extraction : 15/06/2026 21:21:46
======================================================================

--- Page 1 ---
06/06/2017 07:41
BANQUE DES ETATS DE L'AFRIQUE CENTRALE
SITUATION COMPTABLE : SEPTEMBRE 2014
ACTIF
N°
POSTES OU LIGNES ZONE SCES CX CAMEROUN RCA CONGO GABON GUINEE EQUAT. TCHAD
LIGNES
10 DISPONIBILITES EXTERIEURES 8 021 297 725 841 246 068 216 760 1 468 940 172 528 138 572 789 714 2 671 078 152 666 1 222 067 898 912 1 859 888 059 270 414 682 435 991
15 Avoirs Extérieurs à vue 3 777 241 766 086 246 068 216 760 673 603 231 724 63 631 646 613 1 208 269 977 135 546 393 584 192 850 858 197 320 188 416 912 342
20 Billets Etrangers 55 558 960 955 897 017 673 19 101 956 520 1 957 622 157 4 491 091 552 6 389 480 166 20 504 044 905 2 217 747 982
30 Correspondants Hors Zone d'Emission -12 238 459 254 -12 238 459 254 0 0 0 0 0 0
40 Trésor Français 3 733 921 264 385 257 409 658 341 654 501 275 204 61 674 024 456 1 203 778 885 583 540 004 104 026 830 354 152 415 186 199 164 360
50 Compte d'Opérations 3 638 593 335 183 257 409 658 341 636 554 460 702 59 982 974 129 1 170 770 552 095 525 196 870 103 807 585 347 359 181 093 472 455
60 Compte Spécial de Nivellement 95 327 929 202 0 17 946 814 502 1 691 050 327 33 008 333 488 14 807 233 923 22 768 805 056 5 105 691 906
70 Autres avoirs extérieurs (SDM) 4 244 055 959 755 0 795 336 940 804 74 941 143 101 1 462 808 175 531 675 674 314 720 1 009 029 861 950 226 265 523 649
80 Comptes Courants Chez Correspondants Etrangers 4 244 055 959 755 0 795 336 940 804 74 941 143 101 1 462 808 175 531 675 674 314 720 1 009 029 861 950 226 265 523 649
90 Opérations sur le Marché Financier 0 0 0 0 0 0 0 0
100 ENCAISSE–OR 113 024 606 970 64 766 614 202 18 977 739 079 7 049 036 725 7 049 146 331 8 133 207 504 0 7 048 863 129
110 FONDS MONETAIRE INTERNATIONAL 290 029 673 194 2 156 140 763 44 231 575 427 10 575 111 557 68 455 384 577 128 490 015 332 25 296 029 239 10 825 416 299
120 Quotes-Parts en Devises 101 063 405 148 0 32 516 114 667 8 695 525 532 14 270 182 729 25 850 597 133 8 946 413 023 10 784 572 064
130 Avoirs en D.T.S. 188 966 268 046 2 156 140 763 11 715 460 760 1 879 586 025 54 185 201 848 102 639 418 199 16 349 616 216 40 844 235
140 CREANCES SUR LES BANQUES 69 235 975 694 0 3 872 000 000 595 000 000 6 768 975 694 0 30 000 000 000 28 000 000 000
150 Concours du Marché Monetaire : Guichet A 62 467 000 000 0 3 872 000 000 595 000 000 0 0 30 000 000 000 28 000 000 000
160 Appels d'Offres 62 467 000 000 0 3 872 000 000 595 000 000 0 0 30 000 000 000 28 000 000 000
170 Pensions et Autres 0 0 0 0 0 0 0 0
180 Avances à Moyen Terme Irrévocables : Guichet B 6 768 975 694 0 0 0 6 768 975 694 0 0 0
190 Créances Impayées 0 0 0 0 0 0 0 0
200 CREANCES SUR LES TRESORS NATIONAUX 929 666 863 093 0 209 797 833 74 902 036 100 209 797 833 257 709 797 833 369 572 797 833 227 062 635 661
210 Avances en Comptes Courants (Art. 18) 840 915 518 915 0 0 21 858 062 993 0 257 500 000 000 369 363 000 000 192 194 455 922
220 Avances Exceptionnelles 4 884 227 796 0 209 797 833 3 835 238 631 209 797 833 209 797 833 209 797 833 209 797 833
230 Crédits à l'Economie Consolidés sur l'Etat 83 867 116 382 0 0 49 208 734 476 0 0 0 34 658 381 906
239 CONTREPARTIE DES ALLOCATIONS DE DTS VERSEES AUX ETATS 170 641 993 423 106 395 208 140 32 162 069 729 0 0 0 32 084 715 554
240 VALEURS IMMOBILISEES 254 671 906 511 224 409 173 552 7 170 641 597 2 305 032 493 5 016 806 780 5 227 830 003 6 555 697 691 3 986 724 395
250 Immobilisations Financières 58 543 564 063 39 416 294 931 6 075 243 184 1 626 540 033 3 670 317 408 2 335 506 163 2 510 005 883 2 909 656 461
260 Créances sur le Personnel 32 026 782 078 12 968 597 434 6 044 239 987 1 622 083 858 3 660 263 062 2 335 293 963 2 510 005 883 2 886 297 891
270 Créances sur les Autres Banques Centrales 0 0 0 0 0 0 0 0
280 Titres de Participations 24 141 810 673 24 141 810 673 0 0 0 0 0 0
290 Autres Immobilisations Financières 2 374 971 312 2 305 886 824 31 003 197 4 456 175 10 054 346 212 200 0 23 358 570
300 Immobilisations Incorporelles 11 102 769 921 11 101 811 121 0 958 800 0 0 0 0
310 Immobilisations Corporelles 181 195 035 413 170 060 530 386 1 095 398 413 677 533 660 1 346 489 372 2 892 323 840 4 045 691 808 1 077 067 934
320 Autres immobilisations 3 830 537 114 3 830 537 114 0 0 0 0 0 0
330 AUTRES ACTIFS 34 276 464 678 34 276 464 678 0 0 0 0 0 0
340 DEBITEURS DIVERS 22 097 812 383 1 961 665 920 5 264 050 085 2 587 977 381 5 063 164 618 4 725 768 804 97 402 146 2 397 783 429
350 Avances Diverses au Personnel 3 901 556 785 2 881 967 665 277 745 780 117 529 909 153 875 471 229 966 443 57 591 059 182 880 458
360 Autres Débiteurs Divers 64 053 437 -1 114 788 828 11 827 0 14 770 286 1 124 249 065 39 811 087 0
370 Comptes de Régularisations - Actif 18 132 202 161 194 487 083 4 986 292 478 2 470 447 472 4 894 518 861 3 371 553 296 0 2 214 902 971
380 TOTAL DE L'ACTIF 9 904 943 021 787 573 638 275 875 1 655 061 184 689 268 749 053 699 2 763 641 428 499 1 626 354 518 388 2 291 409 986 179 726 088 574 458
TOTAL ACTIF ANNEE PRECEDENTE 9 976 056 156 182 611 431 738 108 1 727 932 792 912 211 842 440 450 3 004 226 090 492 1 453 096 091 454 2 182 685 041 997 784 841 960 769