Source PDF : Situation_Comptable_de_la_BEAC_Novembre_2013_e1dfd429.pdf
Chemin original : scraping\beac_data\Publications\Situations Comptables\Situation_Comptable_de_la_BEAC_Novembre_2013_e1dfd429.pdf
Date extraction : 15/06/2026 21:22:20
======================================================================

--- Page 1 ---
06/06/2017 07:28
BANQUE DES ETATS DE L'AFRIQUE CENTRALE
SITUATION COMPTABLE : NOVEMBRE 2013
ACTIF
N°
POSTES OU LIGNES ZONE SCES CX CAMEROUN RCA CONGO GABON GUINEE EQUAT. TCHAD
LIGNES
10 DISPONIBILITES EXTERIEURES 7 558 992 237 225 253 710 918 455 1 512 483 205 643 84 288 254 204 2 282 841 295 720 964 441 089 385 2 012 657 687 994 448 569 785 824
15 Avoirs Extérieurs à vue 4 016 106 763 896 253 710 918 455 787 958 519 864 43 970 623 118 1 188 717 367 956 457 872 393 081 1 049 858 872 555 234 018 068 867
20 Billets Etrangers 11 627 710 273 210 922 888 1 861 389 496 226 669 706 1 611 259 961 1 246 114 719 5 238 308 488 1 233 045 015
30 Correspondants Hors Zone d'Emission -17 749 838 355 -17 749 838 355 0 0 0 0 0 0
40 Trésor Français 4 022 228 891 978 271 249 833 922 786 097 130 368 43 743 953 412 1 187 106 107 995 456 626 278 362 1 044 620 564 067 232 785 023 852
50 Compte d'Opérations 3 812 244 792 244 271 249 833 922 742 090 513 400 41 295 116 839 1 120 650 549 545 431 063 816 736 986 141 509 425 219 753 452 377
60 Compte Spécial de Nivellement 209 984 099 734 0 44 006 616 968 2 448 836 573 66 455 558 451 25 562 461 626 58 479 054 641 13 031 571 475
70 Autres avoirs extérieurs (SDM) 3 542 885 473 329 0 724 524 685 779 40 317 631 086 1 094 123 927 764 506 568 696 304 962 798 815 439 214 551 716 957
80 Comptes Courants Chez Correspondants Etrangers 3 542 885 473 329 0 724 524 685 779 40 317 631 086 1 094 123 927 764 506 568 696 304 962 798 815 439 214 551 716 957
90 Opérations sur le Marché Financier 0 0 0 0 0 0 0 0
100 ENCAISSE–OR 107 884 417 891 61 821 126 029 18 114 660 058 6 728 457 140 6 728 561 761 7 763 321 463 0 6 728 291 440
110 FONDS MONETAIRE INTERNATIONAL 277 981 410 857 1 463 772 755 42 388 702 256 10 679 266 663 65 693 576 481 123 138 095 978 24 243 657 844 10 374 338 880
120 Quotes-Parts en Devises 96 853 295 320 0 31 161 554 985 8 333 286 427 13 675 713 975 24 773 710 272 8 573 722 420 10 335 307 241
130 Avoirs en D.T.S. 181 128 115 537 1 463 772 755 11 227 147 271 2 345 980 236 52 017 862 506 98 364 385 706 15 669 935 424 39 031 639
140 CREANCES SUR LES BANQUES 11 241 475 694 0 491 000 000 0 9 250 475 694 0 0 1 500 000 000
150 Concours du Marché Monetaire : Guichet A 1 991 000 000 0 491 000 000 0 0 0 0 1 500 000 000
160 Appels d'Offres 1 991 000 000 0 491 000 000 0 0 0 0 1 500 000 000
170 Pensions et Autres 0 0 0 0 0 0 0 0
180 Avances à Moyen Terme Irrévocables : Guichet B 9 250 475 694 0 0 0 9 250 475 694 0 0 0
190 Créances Impayées 0 0 0 0 0 0 0 0
200 CREANCES SUR LES TRESORS NATIONAUX 544 820 592 201 0 184 890 724 73 457 429 908 184 890 724 242 684 890 724 184 890 722 228 123 599 399
210 Avances en Comptes Courants (Art. 18) 457 481 621 637 0 0 21 368 041 196 0 242 500 000 000 0 193 613 580 441
220 Avances Exceptionnelles 4 780 611 401 0 184 890 724 3 856 157 783 184 890 724 184 890 724 184 890 722 184 890 724
230 Crédits à l'Economie Consolidés sur l'Etat 82 558 359 163 0 0 48 233 230 929 0 0 0 34 325 128 234
CONTREPARTIE DES ALLOCATIONS DE DTS VERSEES AUX ETATS 163 294 517 632
239 101 962 985 507 30 583 404 985 0 0 0 30 748 127 140
240 VALEURS IMMOBILISEES 249 687 199 384 223 112 370 725 7 402 606 047 2 297 559 023 4 582 457 087 5 608 337 828 2 621 771 217 4 062 097 457
250 Immobilisations Financières 54 671 641 207 36 709 842 683 6 134 474 076 1 519 536 153 3 040 306 719 2 277 357 826 2 221 257 774 2 768 865 976
260 Créances sur le Personnel 29 822 331 430 11 930 126 394 6 103 488 879 1 514 499 978 3 030 305 373 2 277 145 626 2 221 257 774 2 745 507 406
270 Créances sur les Autres Banques Centrales 0 0 0 0 0 0 0 0
280 Titres de Participations 22 476 329 465 22 476 329 465 0 0 0 0 0 0
290 Autres Immobilisations Financières 2 372 980 312 2 303 386 824 30 985 197 5 036 175 10 001 346 212 200 0 23 358 570
300 Immobilisations Incorporelles 11 625 129 377 11 625 129 377 0 0 0 0 0 0
310 Immobilisations Corporelles 181 694 108 469 173 081 078 334 1 268 131 971 778 022 870 1 542 150 368 3 330 980 002 400 513 443 1 293 231 481
320 Autres immobilisations 1 696 320 331 1 696 320 331 0 0 0 0 0 0
330 AUTRES ACTIFS 39 343 291 095 39 343 291 095 0 0 0 0 0 0
340 DEBITEURS DIVERS 30 610 131 836 3 019 409 070 6 824 281 309 8 750 496 347 2 786 474 510 6 216 408 118 201 241 946 2 811 820 536
350 Avances Diverses au Personnel 4 158 901 869 3 030 994 421 267 767 787 225 057 694 183 061 870 201 872 198 29 794 771 220 353 128
360 Autres Débiteurs Divers 1 192 014 779 -141 158 060 -520 072 9 590 17 089 837 1 245 001 207 69 076 921 2 515 356
370 Comptes de Régularisations - Actif 25 259 215 188 129 572 709 6 557 033 594 8 525 429 063 2 586 322 803 4 769 534 713 102 370 254 2 588 952 052
380 TOTAL DE L'ACTIF 8 983 855 273 815 582 470 888 129 1 689 852 331 544 216 784 868 270 2 372 067 731 977 1 349 852 143 496 2 039 909 249 723 732 918 060 676
TOTAL ACTIF ANNEE PRECEDENTE 9 597 861 164 353 616 886 606 124 1 784 579 488 452 202 987 189 972 2 914 936 770 986 1 453 124 556 288 1 869 955 322 290 755 391 230 241